0.06 0.04130 169.55
0.06 0.04050 169.55
0.03 0.04130 169.55
0.05 0.04090 169.55
0.08 0.04090 169.55
0.05 0.04050 169.55
0.09 0.04090 169.56
0.10 0.04090 169.56
0.06 0.04130 169.60
0.14 0.04130 169.60
0.17 0.04130 169.63
0.23 0.04090 169.63
0.26 0.04090 169.65
0.28 0.04130 169.68
0.36 0.04130 169.68
0.43 0.04090 169.69
0.50 0.04130 169.69
0.61 0.04090 169.71
0.66 0.04130 169.71
0.74 0.04130 169.71
0.80 0.04160 169.71
0.91 0.04130 169.74
1.01 0.04090 169.74
1.10 0.04130 169.76
1.16 0.04130 169.76
1.27 0.04130 169.79
1.43 0.04130 169.81
1.48 0.04160 169.81
1.62 0.04090 169.84
1.66 0.04050 169.84
1.77 0.04130 169.86
1.87 0.04090 169.86
1.91 0.04130 169.88
2.05 0.04130 169.88
2.14 0.04090 169.88
2.25 0.04090 169.89
2.33 0.04090 169.89
2.37 0.04130 169.89
2.48 0.04090 169.89
2.57 0.04090 169.95
2.61 0.04130 170.00
2.69 0.04130 170.00
2.76 0.04050 170.05
2.81 0.04090 170.05
2.91 0.04090 170.09
2.92 0.04130 170.09
3.01 0.04090 170.11
3.08 0.04090 170.11
3.13 0.04090 170.14
3.22 0.04130 170.18
3.26 0.04130 170.18
3.32 0.04130 170.23
3.38 0.04090 170.23
3.42 0.04090 170.26
3.51 0.04090 170.26
3.53 0.04130 170.29
3.61 0.04090 170.29
3.64 0.04130 170.33
3.73 0.04130 170.35
3.77 0.04050 170.35
3.82 0.04090 170.40
3.90 0.04130 170.40
3.95 0.04130 170.44
3.97 0.04130 170.49
4.03 0.04130 170.49
4.13 0.04130 170.51
4.13 0.04090 170.51
4.22 0.04160 170.52
4.25 0.04160 170.52
4.30 0.04090 170.58
4.36 0.04130 170.60
4.40 0.04090 170.60
4.43 0.04130 170.63
4.51 0.04130 170.63
4.57 0.04090 170.61
4.59 0.04090 170.61
4.69 0.04130 170.59
4.71 0.04090 170.59
4.78 0.04090 170.59
4.82 0.04090 170.59
4.86 0.04090 170.58
4.92 0.04090 170.58
4.96 0.04130 170.56
5.00 0.04130 170.56
4.96 0.04130 170.55
5.12 0.04160 170.55
5.18 0.04090 170.55
5.28 0.04130 170.52
5.31 0.04090 170.52
5.36 0.04130 170.50
5.41 0.04090 170.50
5.48 0.04130 170.50
5.51 0.04090 170.50
5.56 0.04050 170.49
5.59 0.04160 170.48
5.66 0.04130 170.48
5.72 0.04130 170.45
5.78 0.04130 170.45
5.79 0.04160 170.44
5.84 0.04130 170.44
5.87 0.04130 170.38
5.95 0.04160 170.38
5.97 0.04130 170.40
6.04 0.04160 170.41
6.07 0.04160 170.41
6.11 0.04160 170.41
6.20 0.04160 170.41
6.24 0.04200 170.43
6.26 0.04130 170.43
6.33 0.04160 170.44
6.39 0.04240 170.43
6.38 0.04160 170.43
6.43 0.04130 170.41
6.49 0.04130 170.41
6.58 0.04200 170.39
6.59 0.04160 170.39
6.63 0.04160 170.41
6.71 0.04200 170.41
6.73 0.04200 170.43
6.77 0.04200 170.44
6.84 0.04160 170.44
6.88 0.04200 170.43
6.92 0.04200 170.43
6.95 0.04200 170.44
7.03 0.04200 170.44
7.06 0.04200 170.48
7.10 0.04240 170.50
7.13 0.04200 170.50
7.20 0.04160 170.51
7.28 0.04200 170.51
7.31 0.04200 170.55
7.38 0.04200 170.55
7.37 0.04200 170.55
7.45 0.04200 170.55
7.46 0.04160 170.55
7.54 0.04280 170.61
7.58 0.04200 170.61
7.63 0.04200 170.61
7.69 0.04160 170.61
7.74 0.04200 170.61
7.80 0.04200 170.61
7.80 0.04160 170.60
7.87 0.04240 170.60
7.90 0.04160 170.60
7.96 0.04160 170.63
8.04 0.04160 170.63
8.05 0.04160 170.64
8.10 0.04200 170.64
8.15 0.04200 170.66
8.19 0.04200 170.69
8.21 0.04160 170.69
8.27 0.04160 170.66
8.30 0.04200 170.66
8.40 0.04160 170.65
8.43 0.04160 170.65
8.47 0.04160 170.63
8.51 0.04200 170.63
8.54 0.04200 170.63
8.63 0.04200 170.60
8.66 0.04200 170.60
8.71 0.04200 170.56
8.76 0.04200 170.56
8.80 0.04240 170.54
8.86 0.04240 170.54
8.91 0.04240 170.51
8.94 0.04310 170.48
8.95 0.04280 170.48
9.05 0.04240 170.49
9.06 0.04280 170.49
9.09 0.04350 170.49
9.17 0.04390 170.45
9.22 0.04350 170.45
9.24 0.04390 170.44
9.33 0.04430 170.44
9.39 0.04460 170.44
9.41 0.04460 170.44
9.42 0.04540 170.44
9.49 0.04570 170.44
9.52 0.04610 170.41
9.62 0.04650 170.41
9.62 0.04690 170.39
9.66 0.04800 170.39
9.72 0.04760 170.39
9.76 0.04840 170.36
9.80 0.04910 170.36
9.84 0.04950 170.38
9.94 0.04990 170.38
9.93 0.05140 170.39
10.00 0.05140 170.39
10.06 0.05210 170.40
10.12 0.05320 170.39
10.13 0.05360 170.39
10.19 0.05440 170.38
10.22 0.05510 170.38
10.28 0.05620 170.39
10.33 0.05660 170.39
10.38 0.05740 170.40
10.45 0.05850 170.41
10.48 0.05850 170.41
10.49 0.05960 170.41
10.52 0.06040 170.41
10.59 0.06080 170.44
10.64 0.06080 170.44
10.70 0.06080 170.43
10.73 0.06110 170.43
10.80 0.06080 170.43
10.84 0.06080 170.43
10.85 0.06040 170.43
10.90 0.05960 170.40
10.96 0.06000 170.40
11.02 0.05890 170.39
11.08 0.05850 170.39
11.14 0.05780 170.39
11.16 0.05810 170.41
11.18 0.05700 170.41
11.28 0.05620 170.41
11.27 0.05590 170.41
11.32 0.05550 170.43
11.38 0.05470 170.43
11.46 0.05360 170.45
11.47 0.05320 170.45
11.52 0.05250 170.48
11.60 0.05210 170.50
11.63 0.05100 170.50
11.66 0.05100 170.51
11.71 0.05060 170.51
11.74 0.04990 170.58
11.82 0.04910 170.58
11.84 0.04840 170.63
11.91 0.04870 170.64
11.91 0.04760 170.64
12.01 0.04730 170.65
12.04 0.04690 170.65
12.09 0.04650 170.66
12.17 0.04610 170.66
12.17 0.04610 170.69
12.26 0.04500 170.69
12.27 0.04500 170.68
12.29 0.04500 170.68
12.38 0.04460 170.69
12.42 0.04390 170.69
12.44 0.04430 170.66
12.49 0.04460 170.68
12.57 0.04350 170.68
12.60 0.04390 170.70
12.64 0.04350 170.70
12.70 0.04350 170.73
12.72 0.04350 170.73
12.78 0.04310 170.71
12.86 0.04240 170.71
12.87 0.04350 170.70
12.94 0.04310 170.70
12.99 0.04310 170.70
13.05 0.04310 170.70
13.08 0.04310 170.69
13.08 0.04390 170.69
13.19 0.04390 170.70
13.23 0.04430 170.70
13.25 0.04500 170.66
13.29 0.04570 170.64
13.37 0.04540 170.64
13.39 0.04610 170.63
13.44 0.04610 170.63
13.48 0.04690 170.59
13.52 0.04760 170.59
13.59 0.04800 170.58
13.61 0.04910 170.58
13.69 0.04950 170.58
13.70 0.05030 170.58
13.74 0.05180 170.55
13.82 0.05180 170.55
13.88 0.05320 170.51
13.93 0.05320 170.49
13.99 0.05510 170.49
14.01 0.05660 170.48
14.04 0.05810 170.48
14.07 0.05960 170.45
14.11 0.06040 170.45
14.17 0.06260 170.48
14.25 0.06380 170.46
14.27 0.06520 170.46
14.31 0.06640 170.43
14.36 0.06830 170.43
14.44 0.07010 170.39
14.47 0.07280 170.39
14.50 0.07390 170.39
14.56 0.07570 170.36
14.60 0.07760 170.36
14.65 0.07950 170.35
14.73 0.08140 170.35
14.75 0.08510 170.33
14.79 0.08660 170.33
14.84 0.08930 170.30
14.87 0.09110 170.29
14.90 0.09300 170.29
14.96 0.09410 170.29
15.01 0.09640 170.29
15.07 0.09680 170.25
15.11 0.09900 170.26
15.18 0.09940 170.26
15.20 0.10010 170.24
15.26 0.09970 170.24
15.29 0.10010 170.21
15.34 0.09860 170.21
15.42 0.09820 170.21
15.45 0.09750 170.23
15.50 0.09490 170.23
15.55 0.09380 170.21
15.56 0.09190 170.21
15.64 0.08960 170.18
15.67 0.08740 170.18
15.74 0.08590 170.14
15.76 0.08360 170.14
15.80 0.08170 170.10
15.88 0.07990 170.10
15.89 0.07690 170.10
15.96 0.07500 170.10
15.99 0.07240 170.10
16.06 0.07130 170.08
16.08 0.06940 170.08
16.16 0.06790 170.05
16.22 0.06520 170.05
16.23 0.06340 170.06
16.27 0.06150 170.06
16.33 0.06000 170.04
16.38 0.05960 170.05
16.40 0.05780 170.05
16.45 0.05660 170.04
16.50 0.05510 170.04
16.53 0.05440 170.04
16.64 0.05320 170.04
16.65 0.05210 170.04
16.68 0.05060 170.04
16.73 0.05030 170.05
16.82 0.04950 170.05
16.85 0.04910 170.02
16.87 0.04840 170.01
16.94 0.04760 170.01
16.97 0.04690 170.02
17.01 0.04650 170.02
17.05 0.04610 170.00
17.10 0.04540 170.00
17.16 0.04500 169.99
17.19 0.04540 169.99
17.25 0.04540 170.00
17.28 0.04460 170.00
17.39 0.04500 170.04
17.37 0.04460 170.04
17.46 0.04500 170.06
17.49 0.04540 170.09
17.52 0.04460 170.09
17.55 0.04540 170.08
17.62 0.04610 170.08
17.68 0.04650 170.06
17.71 0.04730 170.06
17.80 0.04760 170.06
17.83 0.04870 170.06
17.86 0.04910 170.08
17.88 0.05030 170.08
17.93 0.05100 170.06
18.01 0.05360 170.08
18.03 0.05320 170.08
18.11 0.05470 170.05
18.16 0.05700 170.05
18.22 0.05810 170.04
18.23 0.05960 170.04
18.28 0.06110 170.02
18.32 0.06340 170.02
18.39 0.06520 170.00
18.42 0.06830 169.99
18.44 0.07010 169.99
18.54 0.07240 169.98
18.54 0.07500 169.98
18.62 0.07760 169.96
18.64 0.08060 169.96
18.72 0.08290 169.93
18.73 0.08660 169.95
18.77 0.08890 169.95
18.86 0.09260 169.96
18.89 0.09680 169.96
18.96 0.10010 169.94
18.97 0.10350 169.94
19.01 0.10690 169.93
19.05 0.11100 169.93
19.14 0.11440 169.94
19.16 0.12000 169.93
19.21 0.12450 169.93
19.28 0.12820 169.95
19.30 0.13270 169.95
19.36 0.13650 169.98
19.38 0.14100 169.98
19.47 0.14400 170.00
19.48 0.14850 170.00
19.52 0.15070 170.02
19.57 0.15560 170.06
19.62 0.15900 170.06
19.65 0.16050 170.06
19.70 0.16240 170.06
19.75 0.16310 170.10
19.83 0.16420 170.16
19.88 0.16390 170.16
19.94 0.16310 170.20
19.93 0.16090 170.20
19.98 0.15900 170.25
20.04 0.15560 170.25
20.08 0.15300 170.29
20.13 0.14920 170.35
20.21 0.14590 170.35
20.24 0.14140 170.40
20.27 0.13760 170.40
20.31 0.13270 170.44
20.36 0.12750 170.44
20.40 0.12380 170.45
20.44 0.11890 170.45
20.50 0.11480 170.48
20.55 0.11030 170.51
20.63 0.10650 170.51
20.68 0.10200 170.58
20.71 0.09710 170.58
20.75 0.09380 170.61
20.76 0.08960 170.61
20.86 0.08700 170.65
20.87 0.08320 170.65
20.95 0.07990 170.68
20.96 0.07690 170.71
21.00 0.07420 170.71
21.05 0.07200 170.75
21.09 0.06900 170.75
21.18 0.06640 170.75
21.18 0.06410 170.75
21.25 0.06260 170.75
21.27 0.06080 170.75
21.32 0.05920 170.77
21.41 0.05740 170.77
21.45 0.05550 170.77
21.50 0.05360 170.77
21.52 0.05250 170.77
21.59 0.05210 170.77
21.61 0.05140 170.77
21.69 0.05030 170.77
21.75 0.04950 170.76
21.79 0.04990 170.74
21.83 0.04840 170.74
21.86 0.04840 170.71
21.92 0.04800 170.71
21.96 0.04840 170.70
22.00 0.04840 170.70
22.05 0.04870 170.70
22.11 0.04870 170.70
22.17 0.04910 170.70
22.21 0.05100 170.68
22.25 0.05100 170.68
22.28 0.05180 170.66
22.33 0.05290 170.66
22.37 0.05470 170.60
22.46 0.05550 170.60
22.45 0.05740 170.56
22.50 0.05920 170.56
22.56 0.06150 170.52
22.60 0.06380 170.52
22.67 0.06560 170.46
22.68 0.06830 170.46
22.74 0.07050 170.40
22.81 0.07460 170.36
22.83 0.07650 170.36
22.92 0.07990 170.33
22.94 0.08440 170.33
22.99 0.08780 170.27
23.06 0.09150 170.27
23.09 0.09490 170.24
23.13 0.10010 170.24
23.16 0.10390 170.20
23.20 0.11030 170.11
23.24 0.11330 170.11
23.33 0.11890 170.06
23.37 0.12520 170.06
23.43 0.12940 170.01
23.45 0.13650 170.01
23.49 0.14140 169.98
23.55 0.14890 169.98
23.60 0.15380 169.94
23.63 0.16280 169.90
23.69 0.17060 169.90
23.76 0.17510 169.86
23.80 0.18340 169.86
23.84 0.18900 169.84
23.86 0.19720 169.84
23.91 0.20320 169.83
23.97 0.21220 169.81
24.01 0.21710 169.81
24.07 0.22430 169.79
24.08 0.23210 169.79
24.15 0.23740 169.77
24.18 0.24340 169.77
24.24 0.24710 169.76
24.27 0.25130 169.76
24.36 0.25310 169.74
24.42 0.25610 169.74
24.42 0.25760 169.74
24.47 0.25800 169.71
24.52 0.25610 169.71
24.59 0.25460 169.73
24.63 0.25160 169.73
24.67 0.24860 169.71
24.72 0.24370 169.71
24.77 0.23960 169.71
24.81 0.23320 169.71
24.84 0.22650 169.71
24.92 0.22160 169.73
24.96 0.21380 169.73
25.01 0.20810 169.71
25.00 0.20100 169.71
25.07 0.19500 169.69
25.16 0.18750 169.69
25.16 0.17890 169.69
25.22 0.17210 169.69
25.28 0.16280 169.66
25.31 0.15790 169.65
25.34 0.14960 169.65
25.38 0.14360 169.64
25.42 0.13690 169.64
25.47 0.13010 169.61
25.57 0.12340 169.59
25.59 0.11590 169.59
25.66 0.11140 169.54
25.66 0.10580 169.54
25.71 0.10200 169.54
25.74 0.09680 169.54
25.81 0.09300 169.50
25.88 0.08810 169.50
25.89 0.08440 169.48
25.99 0.08030 169.48
25.98 0.07760 169.49
26.08 0.07460 169.49
26.11 0.07130 169.48
26.15 0.06900 169.48
26.16 0.06710 169.48
26.22 0.06450 169.48
26.31 0.06300 169.45
26.30 0.06110 169.45
26.40 0.06000 169.45
26.43 0.05920 169.43
26.47 0.05810 169.43
26.50 0.05700 169.41
26.57 0.05660 169.41
26.61 0.05660 169.40
26.66 0.05590 169.40
26.69 0.05660 169.40
26.75 0.05740 169.40
26.81 0.05780 169.40
26.84 0.05920 169.40
26.90 0.05960 169.40
26.92 0.06190 169.40
27.00 0.06260 169.40
27.03 0.06490 169.40
27.09 0.06790 169.40
27.13 0.06980 169.40
27.14 0.07350 169.40
27.22 0.07540 169.40
27.25 0.07950 169.38
27.31 0.08210 169.38
27.38 0.08700 169.35
27.39 0.09340 169.36
27.47 0.09560 169.36
27.49 0.10090 169.38
27.53 0.10540 169.38
27.60 0.11140 169.38
27.64 0.11590 169.38
27.67 0.12260 169.39
27.72 0.12860 169.39
27.75 0.13570 169.40
27.81 0.14590 169.40
27.85 0.15110 169.40
27.89 0.15940 169.40
27.94 0.16610 169.40
27.98 0.17550 169.39
28.02 0.18220 169.39
28.12 0.19200 169.38
28.13 0.20440 169.38
28.21 0.21300 169.38
28.22 0.22500 169.36
28.26 0.23170 169.36
28.32 0.24370 169.34
28.39 0.25280 169.34
28.40 0.26400 169.33
28.45 0.27190 169.33
28.50 0.28390 169.30
28.55 0.29700 169.30
28.62 0.30680 169.27
28.66 0.31910 169.25
28.69 0.32630 169.25
28.71 0.33560 169.23
28.79 0.34280 169.23
28.83 0.35210 169.23
28.88 0.36080 169.25
28.92 0.36410 169.25
28.98 0.36970 169.25
29.02 0.37200 169.25
29.05 0.37500 169.25
29.09 0.37540 169.25
29.13 0.37580 169.21
29.22 0.37540 169.24
29.24 0.37200 169.24
29.28 0.36750 169.23
29.36 0.36380 169.23
29.38 0.35780 169.19
29.45 0.35320 169.19
29.49 0.34580 169.16
29.53 0.33980 169.16
29.59 0.33080 169.18
29.63 0.31990 169.18
29.68 0.31240 169.20
29.70 0.30230 169.20
29.77 0.29330 169.23
29.82 0.28200 169.23
29.86 0.27340 169.25
29.91 0.26100 169.25
29.92 0.25200 169.29
29.99 0.23850 169.34
30.05 0.22610 169.34
