0.04 0.04090 170.39
-0.01 0.04160 170.40
-0.01 0.04130 170.40
-0.01 0.04130 170.41
0.01 0.04130 170.41
0.04 0.04130 170.44
0.04 0.04090 170.44
0.02 0.04130 170.51
0.06 0.04130 170.51
0.07 0.04130 170.58
0.11 0.04130 170.58
0.15 0.04130 170.64
0.24 0.04090 170.64
0.26 0.04130 170.69
0.36 0.04160 170.76
0.41 0.04050 170.76
0.47 0.04130 170.80
0.57 0.04130 170.80
0.65 0.04090 170.85
0.75 0.04090 170.85
0.83 0.04090 170.90
0.96 0.04090 170.90
1.03 0.04090 170.95
1.12 0.04130 171.00
1.22 0.04090 171.00
1.31 0.04090 171.05
1.42 0.04130 171.05
1.51 0.04130 171.10
1.66 0.04130 171.15
1.72 0.04090 171.15
1.82 0.04090 171.21
1.86 0.04090 171.21
1.99 0.04090 171.27
2.10 0.04090 171.27
2.14 0.04160 171.31
2.22 0.04160 171.35
2.28 0.04130 171.35
2.41 0.04090 171.39
2.45 0.04130 171.39
2.51 0.04090 171.41
2.58 0.04160 171.44
2.69 0.04090 171.44
2.77 0.04090 171.44
2.80 0.04130 171.44
2.87 0.04090 171.43
2.92 0.04130 171.43
3.03 0.04090 171.43
3.08 0.04090 171.43
3.10 0.04130 171.41
3.21 0.04160 171.40
3.27 0.04130 171.40
3.34 0.04090 171.38
3.35 0.04130 171.38
3.47 0.04090 171.38
3.51 0.04050 171.38
3.54 0.04130 171.35
3.57 0.04130 171.35
3.65 0.04130 171.33
3.71 0.04090 171.33
3.77 0.04090 171.30
3.85 0.04050 171.26
3.87 0.04160 171.26
3.95 0.04090 171.23
4.01 0.04130 171.23
4.01 0.04130 171.19
4.13 0.04090 171.19
4.18 0.04090 171.14
4.19 0.04200 171.09
4.23 0.04160 171.09
4.34 0.04090 171.05
4.38 0.04130 171.05
4.40 0.04160 171.01
4.45 0.04200 170.98
4.50 0.04160 170.98
4.55 0.04090 170.93
4.61 0.04130 170.93
4.70 0.04160 170.90
4.69 0.04200 170.90
4.80 0.04160 170.86
4.81 0.04200 170.86
4.84 0.04240 170.85
4.94 0.04240 170.83
4.96 0.04240 170.83
5.03 0.04200 170.80
5.04 0.04200 170.80
5.09 0.04240 170.76
5.14 0.04280 170.76
5.19 0.04280 170.75
5.22 0.04350 170.75
5.28 0.04350 170.73
5.39 0.04310 170.73
5.41 0.04350 170.70
5.45 0.04430 170.68
5.48 0.04430 170.68
5.56 0.04430 170.64
5.57 0.04460 170.64
5.63 0.04500 170.63
5.69 0.04500 170.63
5.76 0.04540 170.60
5.83 0.04500 170.60
5.86 0.04540 170.58
5.87 0.04610 170.56
5.94 0.04570 170.56
5.98 0.04610 170.54
6.01 0.04650 170.54
6.08 0.04610 170.52
6.17 0.04650 170.51
6.16 0.04690 170.51
6.23 0.04690 170.50
6.29 0.04690 170.50
6.34 0.04650 170.50
6.37 0.04690 170.50
6.39 0.04730 170.46
6.50 0.04730 170.49
6.54 0.04650 170.49
6.57 0.04690 170.46
6.61 0.04650 170.46
6.63 0.04690 170.45
6.71 0.04690 170.45
6.74 0.04730 170.44
6.76 0.04650 170.44
6.83 0.04730 170.44
6.89 0.04650 170.44
6.91 0.04650 170.43
6.97 0.04610 170.43
7.01 0.04610 170.43
7.06 0.04610 170.43
7.10 0.04610 170.44
7.18 0.04540 170.44
7.22 0.04610 170.43
7.26 0.04570 170.43
7.33 0.04570 170.43
7.33 0.04540 170.43
7.39 0.04570 170.43
7.44 0.04570 170.40
7.47 0.04540 170.40
7.54 0.04460 170.39
7.56 0.04500 170.39
7.62 0.04500 170.36
7.70 0.04500 170.36
7.72 0.04460 170.30
7.76 0.04500 170.26
7.81 0.04460 170.26
7.85 0.04460 170.23
7.91 0.04460 170.23
7.98 0.04500 170.19
8.03 0.04500 170.19
8.04 0.04500 170.13
8.07 0.04570 170.10
8.14 0.04460 170.10
8.21 0.04500 170.02
8.22 0.04540 170.02
8.30 0.04540 169.96
8.31 0.04570 169.96
8.39 0.04570 169.89
8.45 0.04610 169.81
8.48 0.04570 169.81
8.53 0.04650 169.74
8.54 0.04650 169.74
8.58 0.04690 169.66
8.67 0.04650 169.66
8.72 0.04690 169.58
8.72 0.04760 169.58
8.78 0.04840 169.48
8.86 0.04840 169.48
8.90 0.04840 169.41
8.93 0.04870 169.41
8.97 0.04910 169.34
8.99 0.05030 169.34
9.04 0.05030 169.25
9.13 0.05060 169.25
9.17 0.05100 169.20
9.17 0.05290 169.15
9.25 0.05250 169.15
9.28 0.05250 169.09
9.34 0.05400 169.09
9.41 0.05470 169.08
9.47 0.05550 169.08
9.48 0.05620 169.01
9.52 0.05700 169.01
9.57 0.05780 168.98
9.62 0.05890 168.98
9.69 0.05920 168.93
9.73 0.06000 168.93
9.74 0.06080 168.90
9.81 0.06190 168.86
9.88 0.06260 168.86
9.91 0.06380 168.81
9.95 0.06520 168.81
9.98 0.06600 168.79
10.00 0.06640 168.79
10.02 0.06790 168.76
10.11 0.06750 168.76
10.13 0.06900 168.73
10.16 0.07010 168.73
10.25 0.07050 168.71
10.31 0.07280 168.71
10.35 0.07390 168.70
10.37 0.07500 168.69
10.39 0.07460 168.69
10.42 0.07540 168.69
10.58 0.07610 168.69
10.61 0.07690 168.68
10.65 0.07690 168.68
10.71 0.07610 168.69
10.77 0.07500 168.68
10.82 0.07460 168.68
10.86 0.07420 168.68
10.88 0.07390 168.68
10.99 0.07280 168.68
11.01 0.07200 168.68
11.05 0.07090 168.69
11.11 0.06980 168.69
11.12 0.06940 168.71
11.17 0.06790 168.73
11.20 0.06670 168.73
11.28 0.06490 168.74
11.32 0.06490 168.74
11.38 0.06300 168.77
11.42 0.06190 168.81
11.46 0.06150 168.81
11.51 0.06000 168.84
11.53 0.05960 168.84
11.61 0.05810 168.86
11.62 0.05780 168.86
11.73 0.05660 168.90
11.75 0.05620 168.94
11.78 0.05470 168.94
11.86 0.05440 169.01
11.90 0.05320 169.01
11.92 0.05360 169.05
11.98 0.05290 169.05
11.98 0.05210 169.11
12.06 0.05210 169.11
12.09 0.05140 169.18
12.16 0.05100 169.24
12.22 0.05100 169.24
12.25 0.05030 169.27
12.32 0.05030 169.27
12.33 0.05100 169.30
12.39 0.05100 169.30
12.43 0.05140 169.36
12.48 0.05140 169.36
12.51 0.05140 169.41
12.60 0.05100 169.41
12.63 0.05180 169.46
12.66 0.05250 169.50
12.70 0.05290 169.50
12.76 0.05320 169.52
12.79 0.05360 169.52
12.90 0.05440 169.58
12.90 0.05510 169.58
12.96 0.05550 169.58
13.01 0.05620 169.58
13.02 0.05700 169.59
13.07 0.05850 169.61
13.11 0.05920 169.61
13.22 0.06040 169.64
13.25 0.06150 169.64
13.26 0.06230 169.69
13.30 0.06490 169.73
13.37 0.06490 169.73
13.41 0.06600 169.75
13.47 0.06750 169.75
13.46 0.06940 169.74
13.53 0.07010 169.74
13.58 0.07200 169.76
13.66 0.07390 169.79
13.70 0.07540 169.79
13.68 0.07730 169.79
13.72 0.07760 169.79
13.78 0.07990 169.80
13.83 0.08140 169.80
13.86 0.08290 169.80
13.93 0.08440 169.80
14.00 0.08630 169.81
13.99 0.08930 169.81
14.04 0.09070 169.83
14.11 0.09300 169.83
14.10 0.09450 169.84
14.12 0.09560 169.84
14.27 0.09640 169.84
14.34 0.10200 169.83
14.33 0.10650 169.83
14.41 0.10840 169.84
14.44 0.11180 169.84
14.49 0.11360 169.85
14.51 0.11620 169.85
14.57 0.11890 169.91
14.62 0.12190 169.91
14.68 0.12490 169.91
14.71 0.12680 169.91
14.75 0.12940 169.91
14.81 0.13160 169.91
14.88 0.13420 169.91
14.91 0.13540 169.93
14.93 0.13840 169.93
15.01 0.13910 169.94
15.07 0.14020 169.94
15.09 0.14140 169.95
15.13 0.14140 169.98
15.14 0.14100 169.98
15.24 0.13950 169.98
15.23 0.13880 169.98
15.36 0.13690 169.96
15.40 0.13350 169.96
15.40 0.13090 169.93
15.41 0.12820 169.93
15.46 0.12600 169.91
15.52 0.12410 169.94
15.55 0.12080 169.94
15.56 0.11810 169.95
15.73 0.11180 169.95
15.75 0.10610 169.94
15.79 0.10350 169.94
15.77 0.10240 169.91
15.85 0.10010 169.91
15.87 0.09600 169.90
15.90 0.09380 169.90
16.08 0.08740 169.93
16.14 0.08250 169.93
16.15 0.07910 169.91
16.19 0.07540 169.90
16.27 0.07350 169.90
16.28 0.07130 169.88
16.37 0.06900 169.88
16.40 0.06750 169.86
16.46 0.06600 169.86
16.45 0.06450 169.88
16.54 0.06340 169.88
16.60 0.06230 169.88
16.60 0.06150 169.88
16.66 0.06110 169.86
16.73 0.06080 169.86
16.76 0.06040 169.86
16.81 0.05920 169.86
16.85 0.05920 169.86
16.91 0.06000 169.88
16.98 0.05960 169.88
16.98 0.06080 169.89
17.01 0.06150 169.89
17.07 0.06190 169.90
17.15 0.06340 169.96
17.17 0.06340 169.96
17.23 0.06450 169.99
17.26 0.06520 169.99
17.32 0.06710 170.04
17.38 0.06860 170.04
17.44 0.06980 170.06
17.43 0.07160 170.06
17.53 0.07310 170.11
17.52 0.07540 170.11
17.62 0.07690 170.19
17.69 0.07950 170.25
17.67 0.08210 170.25
17.74 0.08400 170.27
17.80 0.08630 170.27
17.85 0.08850 170.33
17.88 0.09150 170.33
17.91 0.09340 170.39
17.97 0.09680 170.39
18.03 0.09900 170.43
18.06 0.10350 170.51
18.13 0.10650 170.51
18.16 0.10910 170.56
18.22 0.11250 170.56
18.24 0.11550 170.63
18.30 0.11960 170.63
18.31 0.12260 170.69
18.38 0.12790 170.73
18.46 0.13120 170.73
18.49 0.13460 170.79
18.50 0.13910 170.79
18.56 0.14250 170.81
18.58 0.14740 170.81
18.68 0.15000 170.86
18.68 0.15520 170.86
18.75 0.15940 170.91
18.84 0.16570 170.94
18.87 0.17100 170.94
18.87 0.17470 170.95
18.92 0.18040 170.95
18.98 0.18410 170.95
19.00 0.18970 170.95
19.05 0.19350 170.95
19.12 0.19950 170.95
19.19 0.20620 170.96
19.25 0.21040 170.96
19.23 0.21670 170.98
19.30 0.22120 170.99
19.35 0.22610 170.99
19.38 0.22910 171.01
19.41 0.23360 171.01
19.46 0.23700 171.02
19.55 0.24040 171.02
19.59 0.24300 171.02
19.64 0.24490 171.05
19.68 0.24450 171.05
19.73 0.24450 171.04
19.78 0.24300 171.04
19.82 0.24110 171.02
19.85 0.23740 171.02
19.93 0.23210 171.02
19.97 0.22760 171.02
19.98 0.22090 171.05
20.03 0.21490 171.08
20.09 0.20770 171.08
20.13 0.20250 171.05
20.15 0.19460 171.05
20.21 0.18790 171.08
20.29 0.18000 171.08
20.33 0.17210 171.04
20.37 0.16540 171.02
20.44 0.15710 171.02
20.47 0.15230 171.02
20.49 0.14320 171.02
20.58 0.13840 171.02
20.62 0.13200 171.02
20.68 0.12380 171.02
20.72 0.11890 171.02
20.74 0.11180 171.05
20.79 0.10800 171.05
20.83 0.10270 171.05
20.86 0.09940 171.00
20.90 0.09530 171.00
20.98 0.09190 170.98
21.04 0.08850 170.94
21.07 0.08470 170.94
21.11 0.08320 170.89
21.16 0.08060 170.89
21.23 0.07950 170.85
21.23 0.07800 170.85
21.29 0.07690 170.80
21.34 0.07650 170.80
21.42 0.07540 170.77
21.46 0.07540 170.77
21.49 0.07570 170.73
21.53 0.07570 170.73
21.58 0.07730 170.69
21.66 0.07800 170.63
21.68 0.07880 170.63
21.74 0.07990 170.55
21.78 0.08210 170.55
21.80 0.08440 170.49
21.85 0.08590 170.49
21.89 0.08850 170.41
21.97 0.09110 170.41
22.00 0.09410 170.36
22.02 0.09640 170.36
22.13 0.10010 170.27
22.16 0.10500 170.20
22.17 0.10760 170.20
22.21 0.11210 170.14
22.26 0.11480 170.14
22.32 0.11890 170.08
22.37 0.12230 170.08
22.40 0.12860 169.99
22.47 0.13240 169.93
22.50 0.13760 169.93
22.53 0.14360 169.89
22.63 0.14810 169.89
22.63 0.15410 169.83
22.68 0.15900 169.79
22.72 0.16460 169.79
22.78 0.16950 169.77
22.83 0.17620 169.77
22.86 0.18410 169.73
22.96 0.19010 169.73
22.98 0.19760 169.68
23.01 0.20290 169.68
23.04 0.21150 169.63
23.14 0.21710 169.63
23.16 0.22460 169.60
23.21 0.23060 169.60
23.26 0.23920 169.56
23.31 0.24970 169.51
23.36 0.25580 169.51
23.36 0.26400 169.46
23.47 0.27070 169.46
23.47 0.28010 169.43
23.54 0.28610 169.43
23.59 0.29620 169.38
23.62 0.30680 169.38
23.67 0.31460 169.34
23.71 0.32590 169.34
23.78 0.33190 169.34
23.80 0.34130 169.33
23.85 0.34840 169.33
23.86 0.35740 169.30
23.91 0.36300 169.30
24.04 0.37200 169.27
24.07 0.38100 169.27
24.13 0.38660 169.27
24.13 0.39300 169.25
24.17 0.39490 169.25
24.25 0.39750 169.23
24.31 0.39790 169.23
24.31 0.39790 169.18
24.37 0.39490 169.15
24.41 0.39190 169.15
24.48 0.38620 169.14
24.50 0.38140 169.14
24.55 0.37200 169.15
24.59 0.36600 169.15
24.62 0.35620 169.15
24.70 0.34760 169.15
24.73 0.33680 169.14
24.78 0.32330 169.14
24.85 0.31390 169.14
24.85 0.30230 169.14
24.92 0.29290 169.15
24.94 0.28010 169.15
25.00 0.27040 169.16
25.10 0.25800 169.16
25.08 0.24490 169.18
25.15 0.23510 169.18
25.19 0.22120 169.23
25.24 0.21450 169.23
25.29 0.20030 169.26
25.37 0.18970 169.29
25.38 0.17850 169.29
25.41 0.17020 169.27
25.47 0.16090 169.27
25.52 0.15150 169.26
25.60 0.14550 169.29
25.62 0.13910 169.29
25.66 0.13460 169.31
25.68 0.12860 169.31
25.79 0.12450 169.31
25.80 0.12040 169.31
25.86 0.11660 169.33
25.93 0.11360 169.33
25.97 0.11060 169.33
26.02 0.10910 169.33
26.01 0.10760 169.36
26.07 0.10690 169.36
26.12 0.10650 169.36
26.19 0.10650 169.34
26.27 0.10760 169.34
26.30 0.10910 169.31
26.31 0.11140 169.29
26.39 0.11290 169.29
26.44 0.11480 169.27
26.47 0.11810 169.27
26.49 0.12110 169.24
26.55 0.12490 169.24
26.63 0.12970 169.20
26.66 0.13350 169.20
26.69 0.13910 169.19
26.74 0.14290 169.19
26.78 0.14890 169.18
26.81 0.15380 169.18
26.86 0.16010 169.14
26.94 0.16500 169.14
26.96 0.17330 169.11
27.01 0.18340 169.10
27.07 0.18790 169.10
27.09 0.19650 169.11
27.17 0.20250 169.11
27.17 0.21110 169.11
27.25 0.21750 169.11
27.29 0.22840 169.10
27.35 0.24040 169.09
27.39 0.24530 169.09
27.43 0.25610 169.10
27.47 0.26440 169.10
27.52 0.27600 169.10
27.57 0.28460 169.10
27.59 0.29620 169.14
27.64 0.30450 169.14
27.71 0.31730 169.16
27.78 0.33340 169.20
27.82 0.34160 169.20
27.83 0.35360 169.24
27.89 0.36230 169.24
27.96 0.37730 169.27
27.98 0.38620 169.27
28.03 0.40130 169.31
28.06 0.41770 169.31
28.16 0.42820 169.35
28.19 0.44250 169.35
28.23 0.45380 169.41
28.26 0.46760 169.41
28.32 0.47960 169.46
28.36 0.49350 169.50
28.43 0.50250 169.50
28.44 0.51750 169.55
28.48 0.53400 169.55
28.53 0.54530 169.59
28.59 0.55760 169.59
28.64 0.56510 169.60
28.67 0.57600 169.60
28.73 0.58240 169.63
28.81 0.59140 169.64
28.81 0.59630 169.64
28.89 0.59890 169.68
28.94 0.60040 169.68
28.96 0.59960 169.70
29.01 0.59780 169.70
29.06 0.59400 169.73
29.08 0.58730 169.75
29.15 0.58200 169.75
29.20 0.57150 169.75
29.25 0.55910 169.75
29.32 0.55050 169.76
29.33 0.53620 169.76
29.41 0.52570 169.76
29.41 0.50850 169.74
29.50 0.49760 169.74
29.54 0.48110 169.74
29.55 0.46240 169.74
29.61 0.44780 169.71
29.66 0.43010 169.71
29.72 0.41510 169.71
29.77 0.39380 169.73
29.82 0.38100 169.73
29.85 0.36110 169.71
29.89 0.34730 169.71
29.93 0.32850 169.69
29.96 0.31010 169.69
30.02 0.29740 169.65
30.05 0.28130 169.65
