0.01 0.04050 169.16
-0.01 0.04050 169.18
-0.03 0.04130 169.18
-0.03 0.04050 169.19
0.01 0.04050 169.19
-0.01 0.04090 169.23
-0.02 0.04090 169.23
0.00 0.04090 169.23
0.01 0.04090 169.23
0.07 0.04090 169.23
0.13 0.04090 169.20
0.15 0.04090 169.20
0.20 0.04090 169.19
0.24 0.04130 169.19
0.36 0.04130 169.21
0.38 0.04130 169.21
0.50 0.04090 169.24
0.56 0.04090 169.24
0.63 0.04090 169.24
0.77 0.04130 169.24
0.81 0.04090 169.24
0.91 0.04090 169.24
1.02 0.04130 169.27
1.14 0.04090 169.27
1.19 0.04090 169.30
1.29 0.04160 169.34
1.43 0.04090 169.34
1.51 0.04050 169.35
1.60 0.04090 169.35
1.70 0.04090 169.38
1.79 0.04090 169.39
1.87 0.04090 169.39
1.95 0.04090 169.39
2.06 0.04090 169.39
2.14 0.04090 169.39
2.22 0.04010 169.39
2.30 0.04130 169.40
2.35 0.04090 169.40
2.41 0.04090 169.41
2.53 0.04130 169.43
2.57 0.04050 169.43
2.65 0.04130 169.44
2.75 0.04130 169.44
2.76 0.04090 169.46
2.84 0.04090 169.46
2.91 0.04130 169.49
2.97 0.04090 169.49
3.05 0.04130 169.55
3.08 0.04090 169.60
3.18 0.04090 169.60
3.23 0.04090 169.65
3.29 0.04130 169.65
3.36 0.04130 169.69
3.43 0.04130 169.69
3.47 0.04090 169.73
3.51 0.04090 169.73
3.58 0.04090 169.79
3.65 0.04160 169.84
3.72 0.04130 169.84
3.76 0.04130 169.89
3.82 0.04130 169.89
3.86 0.04090 169.94
3.92 0.04130 169.94
3.93 0.04090 169.99
4.03 0.04160 170.04
4.09 0.04130 170.04
4.12 0.04090 170.10
4.17 0.04090 170.10
4.21 0.04130 170.18
4.28 0.04090 170.18
4.29 0.04090 170.21
4.37 0.04200 170.29
4.42 0.04130 170.29
4.44 0.04090 170.33
4.51 0.04090 170.33
4.58 0.04090 170.36
4.63 0.04130 170.36
4.69 0.04130 170.41
4.71 0.04090 170.45
4.78 0.04050 170.45
4.84 0.04130 170.50
4.90 0.04130 170.50
4.91 0.04090 170.54
4.98 0.04090 170.54
5.00 0.04090 170.56
5.07 0.04130 170.56
5.08 0.04090 170.56
5.15 0.04090 170.58
5.18 0.04090 170.58
5.22 0.04130 170.58
5.31 0.04130 170.58
5.33 0.04090 170.54
5.41 0.04130 170.54
5.41 0.04130 170.50
5.50 0.04130 170.50
5.51 0.04160 170.46
5.52 0.04130 170.46
5.61 0.04130 170.44
5.68 0.04160 170.44
5.74 0.04160 170.41
5.78 0.04160 170.41
5.86 0.04200 170.35
5.89 0.04160 170.35
5.92 0.04160 170.27
5.94 0.04240 170.20
6.02 0.04200 170.20
6.06 0.04240 170.18
6.09 0.04200 170.18
6.15 0.04240 170.13
6.21 0.04280 170.13
6.29 0.04310 170.08
6.31 0.04310 170.08
6.39 0.04310 170.02
6.42 0.04310 169.98
6.48 0.04390 169.98
6.54 0.04350 169.91
6.57 0.04390 169.91
6.62 0.04350 169.85
6.66 0.04390 169.85
6.69 0.04430 169.79
6.77 0.04390 169.79
6.83 0.04430 169.74
6.84 0.04430 169.74
6.88 0.04460 169.69
6.96 0.04540 169.64
6.99 0.04500 169.64
7.02 0.04500 169.56
7.06 0.04500 169.56
7.14 0.04500 169.55
7.19 0.04540 169.55
7.23 0.04570 169.55
7.28 0.04650 169.55
7.33 0.04610 169.55
7.38 0.04570 169.54
7.40 0.04570 169.54
7.46 0.04610 169.51
7.48 0.04650 169.51
7.54 0.04650 169.52
7.59 0.04690 169.55
7.64 0.04690 169.55
7.71 0.04730 169.58
7.75 0.04800 169.58
7.82 0.04800 169.58
7.83 0.04840 169.56
7.88 0.04840 169.56
7.93 0.04840 169.58
7.96 0.04870 169.58
8.04 0.04950 169.54
8.09 0.04950 169.54
8.10 0.04950 169.54
8.16 0.04990 169.54
8.21 0.05060 169.56
8.24 0.05100 169.58
8.28 0.05100 169.58
8.38 0.05180 169.58
8.40 0.05210 169.58
8.48 0.05290 169.56
8.46 0.05320 169.56
8.54 0.05360 169.59
8.60 0.05440 169.59
8.65 0.05440 169.59
8.69 0.05590 169.64
8.74 0.05620 169.64
8.76 0.05620 169.66
8.81 0.05700 169.66
8.87 0.05740 169.66
8.90 0.05850 169.66
8.94 0.05890 169.66
8.98 0.05960 169.66
9.05 0.06080 169.65
9.10 0.06110 169.65
9.14 0.06230 169.64
9.17 0.06300 169.64
9.24 0.06410 169.61
9.30 0.06560 169.60
9.32 0.06520 169.60
9.37 0.06670 169.58
9.43 0.06790 169.58
9.47 0.06860 169.55
9.53 0.06980 169.55
9.55 0.07130 169.54
9.59 0.07160 169.54
9.65 0.07310 169.52
9.71 0.07460 169.52
9.73 0.07540 169.52
9.77 0.07570 169.51
9.85 0.07730 169.51
9.87 0.07840 169.50
9.92 0.07950 169.50
9.96 0.08140 169.50
10.04 0.08250 169.50
10.08 0.08440 169.50
10.12 0.08550 169.49
10.18 0.08660 169.49
10.20 0.08780 169.45
10.26 0.08850 169.45
10.28 0.09000 169.45
10.35 0.09110 169.45
10.40 0.09190 169.45
10.43 0.09150 169.44
10.46 0.09190 169.44
10.53 0.09220 169.43
10.61 0.09260 169.43
10.60 0.09220 169.41
10.69 0.09190 169.41
10.73 0.09220 169.39
10.75 0.09110 169.39
10.80 0.09110 169.40
10.83 0.09040 169.43
10.89 0.08960 169.43
10.95 0.08890 169.44
10.97 0.08810 169.44
11.03 0.08740 169.46
11.10 0.08700 169.46
11.14 0.08630 169.50
11.19 0.08550 169.50
11.19 0.08440 169.51
11.28 0.08360 169.51
11.30 0.08250 169.54
11.37 0.08140 169.54
11.44 0.08100 169.59
11.46 0.07910 169.59
11.53 0.07880 169.59
11.55 0.07800 169.59
11.59 0.07760 169.60
11.64 0.07690 169.63
11.70 0.07610 169.63
11.77 0.07540 169.65
11.77 0.07540 169.65
11.83 0.07500 169.70
11.87 0.07420 169.70
11.93 0.07460 169.76
11.96 0.07390 169.76
12.00 0.07350 169.80
12.07 0.07420 169.80
12.11 0.07390 169.80
12.16 0.07350 169.81
12.20 0.07420 169.81
12.25 0.07420 169.84
12.28 0.07500 169.84
12.32 0.07500 169.85
12.37 0.07540 169.91
12.43 0.07610 169.91
12.48 0.07610 169.95
12.50 0.07690 169.95
12.54 0.07730 169.98
12.59 0.07840 169.98
12.64 0.07910 170.00
12.69 0.08030 170.04
12.76 0.08060 170.04
12.75 0.08100 170.06
12.80 0.08250 170.06
12.84 0.08320 170.08
12.92 0.08510 170.08
12.93 0.08550 170.06
12.93 0.08780 170.05
12.99 0.08780 170.05
13.09 0.09110 170.09
13.12 0.09220 170.09
13.19 0.09220 170.08
13.17 0.09380 170.08
13.32 0.09710 170.06
13.39 0.10130 170.06
13.43 0.10130 170.06
13.46 0.10350 170.04
13.53 0.10540 170.04
13.59 0.10720 170.02
13.62 0.10950 170.02
13.68 0.11180 170.01
13.67 0.11400 170.01
13.77 0.11590 170.01
13.80 0.11920 169.98
13.82 0.12040 169.98
13.89 0.12340 169.98
13.94 0.12640 169.98
14.01 0.12790 169.99
14.03 0.13090 169.99
14.07 0.13270 169.99
14.11 0.13730 169.99
14.17 0.13840 169.99
14.20 0.14100 169.98
14.25 0.14360 169.98
14.34 0.14700 169.96
14.33 0.15110 169.96
14.41 0.15340 169.94
14.45 0.15750 169.94
14.49 0.15940 169.91
14.53 0.16390 169.91
14.57 0.16570 169.91
14.62 0.16910 169.94
14.66 0.17250 169.94
14.74 0.17550 169.94
14.76 0.17890 169.94
14.80 0.18040 169.94
14.86 0.18220 169.94
14.91 0.18410 169.96
14.93 0.18600 169.99
14.99 0.18560 169.99
15.06 0.18600 170.01
15.07 0.18600 170.01
15.17 0.18450 170.04
15.20 0.18340 170.04
15.26 0.18110 170.04
15.25 0.17890 170.06
15.35 0.17620 170.06
15.38 0.17330 170.11
15.41 0.17020 170.18
15.49 0.16800 170.18
15.51 0.16460 170.19
15.54 0.16310 170.19
15.61 0.16010 170.21
15.66 0.15790 170.21
15.71 0.15490 170.21
15.75 0.15260 170.21
15.78 0.14960 170.24
15.83 0.14620 170.26
15.87 0.14290 170.26
15.90 0.13950 170.29
15.97 0.13730 170.29
16.01 0.13420 170.31
16.08 0.13200 170.33
16.14 0.12970 170.33
16.15 0.12710 170.35
16.20 0.12490 170.35
16.28 0.12340 170.35
16.31 0.12300 170.38
16.36 0.12000 170.38
16.42 0.11920 170.38
16.44 0.11810 170.38
16.48 0.11810 170.36
16.56 0.11770 170.36
16.58 0.11700 170.35
16.66 0.11620 170.35
16.66 0.11660 170.33
16.70 0.11660 170.31
16.77 0.11700 170.31
16.80 0.11740 170.29
16.87 0.11810 170.29
16.93 0.11850 170.23
16.98 0.11960 170.23
16.99 0.12150 170.18
17.05 0.12230 170.14
17.08 0.12410 170.14
17.13 0.12520 170.14
17.16 0.12680 170.14
17.23 0.12790 170.11
17.27 0.13090 170.11
17.31 0.13270 170.11
17.37 0.13500 170.11
17.41 0.13760 170.08
17.49 0.13910 170.08
17.49 0.14210 170.06
17.53 0.14360 170.06
17.61 0.14740 170.02
17.63 0.15110 170.02
17.72 0.15300 170.01
17.76 0.15750 170.01
17.78 0.15940 170.01
17.84 0.16280 170.00
17.85 0.16500 170.00
17.87 0.16910 169.98
17.96 0.16990 169.98
18.00 0.17440 169.99
17.98 0.17890 169.98
18.05 0.18040 169.98
18.17 0.18750 170.00
18.19 0.19310 170.00
18.23 0.19760 170.00
18.33 0.20140 170.00
18.34 0.20700 170.01
18.38 0.21300 170.06
18.46 0.21600 170.06
18.48 0.22200 170.14
18.52 0.22460 170.14
18.58 0.22990 170.21
18.64 0.23360 170.21
18.67 0.23960 170.26
18.69 0.24410 170.31
18.78 0.24970 170.31
18.82 0.25610 170.35
18.88 0.26030 170.35
18.88 0.26700 170.38
18.93 0.27230 170.41
18.97 0.27860 170.41
19.03 0.28280 170.44
19.07 0.28950 170.44
19.12 0.29660 170.46
19.19 0.30110 170.46
19.25 0.30750 170.52
19.28 0.31130 170.52
19.29 0.31730 170.55
19.34 0.32100 170.56
19.42 0.32400 170.56
19.45 0.32740 170.56
19.50 0.33000 170.56
19.53 0.33190 170.60
19.60 0.33220 170.60
19.61 0.33110 170.61
19.71 0.32960 170.61
19.70 0.32700 170.63
19.79 0.32400 170.61
19.84 0.31870 170.61
19.87 0.31350 170.65
19.93 0.30900 170.65
19.94 0.30380 170.68
20.00 0.29930 170.68
20.07 0.29360 170.65
20.13 0.28880 170.59
20.14 0.28310 170.59
20.20 0.27860 170.54
20.23 0.27300 170.54
20.28 0.26630 170.51
20.32 0.26180 170.51
20.36 0.25460 170.49
20.42 0.25090 170.49
20.45 0.24340 170.44
20.53 0.23770 170.44
20.58 0.23100 170.41
20.63 0.22540 170.41
20.66 0.22010 170.38
20.71 0.21450 170.35
20.74 0.21110 170.35
20.79 0.20660 170.30
20.86 0.20440 170.30
20.91 0.19990 170.23
20.95 0.19760 170.23
20.98 0.19500 170.18
21.01 0.19240 170.18
21.08 0.19090 170.14
21.13 0.18820 170.14
21.16 0.18790 170.10
21.21 0.18640 170.10
21.26 0.18600 170.06
21.30 0.18600 170.06
21.37 0.18640 170.02
21.43 0.18710 169.98
21.44 0.18750 169.98
21.48 0.18820 169.93
21.54 0.18970 169.93
21.60 0.19090 169.86
21.61 0.19310 169.86
21.66 0.19500 169.79
21.76 0.19870 169.74
21.75 0.20100 169.74
21.82 0.20360 169.71
21.85 0.20740 169.71
21.91 0.20960 169.69
21.93 0.21380 169.69
21.99 0.21710 169.61
22.06 0.22310 169.56
22.08 0.22720 169.56
22.13 0.23060 169.52
22.16 0.23620 169.52
22.23 0.24040 169.50
22.29 0.24490 169.50
22.33 0.24900 169.46
22.34 0.25500 169.46
22.41 0.25990 169.44
22.48 0.26660 169.44
22.49 0.27380 169.44
22.56 0.27860 169.44
22.61 0.28420 169.44
22.65 0.29030 169.43
22.70 0.29780 169.43
22.71 0.30190 169.38
22.78 0.30980 169.38
22.83 0.31800 169.36
22.88 0.32360 169.36
22.96 0.33560 169.34
22.99 0.34130 169.34
23.01 0.35170 169.34
23.09 0.35930 169.38
23.14 0.36710 169.38
23.19 0.37310 169.41
23.21 0.38330 169.41
23.25 0.39410 169.44
23.35 0.40050 169.44
23.37 0.41030 169.48
23.42 0.41740 169.48
23.44 0.42790 169.48
23.48 0.43540 169.51
23.57 0.44590 169.51
23.58 0.45710 169.55
23.64 0.46430 169.55
23.69 0.47400 169.58
23.74 0.48110 169.58
23.79 0.49270 169.59
23.81 0.50020 169.60
23.88 0.50810 169.60
23.93 0.51450 169.64
23.95 0.52200 169.64
24.02 0.52990 169.66
24.08 0.53360 169.66
24.12 0.53780 169.70
24.13 0.53930 169.71
24.20 0.53960 169.71
24.23 0.53930 169.74
24.28 0.53660 169.74
24.32 0.53250 169.76
24.39 0.52880 169.76
24.43 0.52160 169.83
24.46 0.51560 169.83
24.51 0.50850 169.86
24.58 0.50250 169.90
24.60 0.49390 169.90
24.65 0.48710 169.88
24.69 0.47960 169.88
24.77 0.46950 169.86
24.80 0.46270 169.88
24.84 0.45380 169.88
24.91 0.44700 169.88
24.92 0.43760 169.88
24.98 0.42900 169.89
25.02 0.41810 169.89
25.06 0.40580 169.93
25.15 0.39710 169.93
25.16 0.38700 169.91
25.20 0.37840 169.91
25.27 0.36830 169.93
25.29 0.36080 169.94
25.36 0.35210 169.94
25.39 0.34690 169.96
25.46 0.33900 169.96
25.46 0.33260 169.99
25.54 0.32850 169.99
25.56 0.32250 169.96
25.62 0.31800 169.96
25.68 0.31310 169.94
25.72 0.30940 169.91
25.78 0.30490 169.91
25.82 0.30150 169.90
25.87 0.29930 169.90
25.88 0.29740 169.89
25.96 0.29660 169.89
26.01 0.29620 169.88
26.02 0.29550 169.88
26.07 0.29620 169.86
26.11 0.29780 169.85
26.16 0.29890 169.85
26.22 0.30190 169.84
26.26 0.30300 169.84
26.30 0.30640 169.85
26.34 0.30860 169.85
26.39 0.31280 169.85
26.43 0.31500 169.83
26.49 0.32030 169.83
26.55 0.32630 169.83
26.59 0.33190 169.80
26.63 0.33750 169.80
26.70 0.34130 169.77
26.74 0.34800 169.77
26.74 0.35250 169.76
26.80 0.36000 169.76
26.85 0.36710 169.73
26.93 0.37580 169.73
26.96 0.38550 169.70
26.97 0.38960 169.68
27.05 0.40090 169.68
27.09 0.40880 169.65
27.12 0.41930 169.65
27.19 0.42680 169.65
27.26 0.43690 169.65
27.30 0.44930 169.66
27.34 0.45680 169.66
27.38 0.46840 169.66
27.45 0.47630 169.66
27.45 0.48820 169.65
27.55 0.49650 169.65
27.57 0.50890 169.64
27.62 0.51750 169.64
27.65 0.53100 169.63
27.72 0.54710 169.64
27.76 0.55500 169.64
27.79 0.56810 169.65
27.88 0.57820 169.65
27.86 0.59210 169.65
27.94 0.59780 169.65
27.96 0.61010 169.68
27.99 0.62510 169.68
28.03 0.63410 169.66
28.07 0.64730 169.66
28.12 0.65810 169.64
28.14 0.67050 169.64
28.23 0.68400 169.64
28.33 0.70650 169.65
28.36 0.71960 169.65
28.39 0.73350 169.66
28.44 0.74890 169.66
28.50 0.76050 169.68
28.50 0.77100 169.68
28.62 0.78150 169.71
28.67 0.79160 169.71
28.70 0.79500 169.76
28.77 0.79840 169.76
28.76 0.80060 169.79
28.80 0.80100 169.79
28.83 0.80170 169.83
28.89 0.80140 169.83
28.93 0.79800 169.85
29.02 0.79390 169.89
29.05 0.78640 169.89
29.10 0.78150 169.93
29.16 0.77400 169.93
29.18 0.76420 169.96
29.27 0.75710 169.96
29.27 0.74660 170.01
29.33 0.73910 170.05
29.37 0.72750 170.05
29.44 0.71930 170.06
29.50 0.70720 170.06
29.54 0.69230 170.09
29.55 0.68140 170.09
29.63 0.66450 170.13
29.67 0.65210 170.13
29.68 0.63710 170.13
29.78 0.62440 170.15
29.81 0.60900 170.15
29.84 0.59700 170.20
29.88 0.58240 170.20
29.91 0.57000 170.20
30.00 0.55990 170.20
30.00 0.54860 170.20
30.07 0.54190 170.20
30.10 0.53060 170.20
30.17 0.52310 170.23
30.21 0.51260 170.23
30.27 0.50100 170.19
30.33 0.49390 170.18
30.33 0.48560 170.18
30.38 0.48000 170.16
30.42 0.47330 170.16
30.48 0.46880 170.13
