-0.04 0.04050 180.10
-0.04 0.04090 180.13
-0.01 0.04090 180.13
0.01 0.04090 180.15
-0.02 0.04050 180.15
0.01 0.04050 180.20
0.01 0.04050 180.20
-0.00 0.04090 180.24
0.01 0.04090 180.24
0.04 0.04090 180.27
0.11 0.04050 180.27
0.17 0.04090 180.33
0.22 0.04160 180.39
0.23 0.04090 180.39
0.35 0.04050 180.45
0.37 0.04090 180.45
0.48 0.04090 180.48
0.55 0.04090 180.48
0.60 0.04050 180.51
0.75 0.04090 180.51
0.77 0.04010 180.52
0.88 0.04130 180.55
1.01 0.04090 180.55
1.08 0.04090 180.58
1.17 0.04090 180.58
1.28 0.04090 180.56
1.42 0.04050 180.56
1.47 0.04130 180.61
1.61 0.04050 180.66
1.70 0.04050 180.66
1.76 0.04090 180.74
1.88 0.04090 180.74
1.95 0.04050 180.73
2.08 0.04090 180.73
2.12 0.04090 180.71
2.22 0.04130 180.73
2.30 0.04050 180.73
2.37 0.04130 180.71
2.44 0.04090 180.71
2.52 0.04090 180.73
2.57 0.04090 180.73
2.63 0.04090 180.73
2.72 0.04090 180.73
2.78 0.04130 180.73
2.87 0.04050 180.73
2.89 0.04130 180.71
2.99 0.04130 180.69
3.04 0.04050 180.69
3.08 0.04130 180.68
3.18 0.04130 180.68
3.26 0.04090 180.65
3.28 0.04160 180.65
3.38 0.04050 180.65
3.44 0.04090 180.64
3.44 0.04130 180.64
3.51 0.04130 180.64
3.55 0.04130 180.63
3.62 0.04050 180.63
3.70 0.04050 180.64
3.73 0.04050 180.64
3.78 0.04050 180.64
3.84 0.04090 180.64
3.91 0.04090 180.60
3.94 0.04090 180.60
4.03 0.04090 180.56
4.09 0.04090 180.52
4.11 0.04090 180.52
4.17 0.04090 180.52
4.25 0.04090 180.52
4.26 0.04090 180.54
4.35 0.04050 180.54
4.39 0.04090 180.52
4.41 0.04130 180.55
4.49 0.04130 180.55
4.54 0.04130 180.55
4.59 0.04090 180.55
4.63 0.04130 180.55
4.69 0.04130 180.55
4.75 0.04130 180.55
4.76 0.04130 180.55
4.87 0.04130 180.56
4.91 0.04050 180.56
4.97 0.04130 180.56
4.98 0.04160 180.58
5.03 0.04160 180.58
5.12 0.04130 180.58
5.16 0.04160 180.58
5.21 0.04160 180.59
5.22 0.04240 180.60
5.27 0.04160 180.60
5.34 0.04200 180.63
5.41 0.04160 180.63
5.45 0.04200 180.65
5.47 0.04160 180.65
5.53 0.04200 180.68
5.55 0.04200 180.68
5.66 0.04240 180.71
5.72 0.04280 180.75
5.75 0.04280 180.75
5.81 0.04280 180.77
5.80 0.04280 180.77
5.86 0.04280 180.83
5.89 0.04350 180.83
5.98 0.04310 180.88
6.00 0.04390 180.91
6.04 0.04310 180.91
6.11 0.04350 180.95
6.13 0.04390 180.95
6.19 0.04390 180.98
6.26 0.04430 181.00
6.27 0.04390 181.00
6.33 0.04390 180.98
6.38 0.04430 180.98
6.44 0.04430 180.96
6.50 0.04430 180.96
6.54 0.04430 180.98
6.55 0.04500 180.98
6.61 0.04460 180.98
6.64 0.04460 180.98
6.72 0.04430 180.98
6.75 0.04460 181.00
6.81 0.04460 181.00
6.87 0.04460 181.04
6.89 0.04500 181.04
6.97 0.04460 181.04
7.03 0.04460 181.02
7.05 0.04460 181.02
7.11 0.04460 181.00
7.13 0.04500 181.00
7.23 0.04500 180.98
7.24 0.04500 180.98
7.31 0.04430 180.98
7.33 0.04460 180.96
7.38 0.04430 180.96
7.42 0.04460 180.98
7.48 0.04430 180.98
7.49 0.04430 180.96
7.54 0.04460 180.94
7.63 0.04350 180.94
7.64 0.04390 180.93
7.74 0.04460 180.88
7.77 0.04430 180.88
7.81 0.04430 180.85
7.82 0.04390 180.85
7.89 0.04430 180.83
7.96 0.04390 180.83
8.01 0.04390 180.85
8.02 0.04390 180.85
8.09 0.04390 180.88
8.14 0.04390 180.86
8.18 0.04390 180.86
8.24 0.04390 180.88
8.26 0.04390 180.88
8.29 0.04390 180.86
8.39 0.04390 180.86
8.41 0.04430 180.86
8.44 0.04430 180.86
8.52 0.04460 180.85
8.58 0.04460 180.88
8.59 0.04460 180.88
8.62 0.04430 180.89
8.69 0.04460 180.89
8.72 0.04460 180.91
8.79 0.04500 180.91
8.81 0.04540 180.95
8.86 0.04500 180.95
8.91 0.04540 180.96
8.95 0.04570 180.96
9.01 0.04610 180.96
9.09 0.04650 180.96
9.09 0.04610 180.96
9.14 0.04690 180.98
9.22 0.04690 180.98
9.24 0.04730 180.99
9.31 0.04760 180.99
9.35 0.04800 181.00
9.40 0.04870 181.06
9.43 0.04870 181.06
9.50 0.04870 181.09
9.51 0.04950 181.09
9.59 0.04990 181.08
9.61 0.05030 181.08
9.67 0.05060 181.10
9.74 0.05180 181.13
9.77 0.05180 181.13
9.83 0.05210 181.15
9.87 0.05290 181.15
9.90 0.05360 181.18
9.95 0.05400 181.18
9.98 0.05440 181.21
10.06 0.05550 181.24
10.11 0.05590 181.24
10.16 0.05590 181.27
10.21 0.05700 181.27
10.21 0.05740 181.29
10.29 0.05810 181.29
10.32 0.05890 181.30
10.37 0.05920 181.33
10.43 0.05960 181.33
10.47 0.06040 181.30
10.49 0.06040 181.30
10.56 0.06040 181.29
10.62 0.06150 181.29
10.67 0.06150 181.29
10.71 0.06150 181.29
10.76 0.06150 181.25
10.82 0.06150 181.25
10.83 0.06190 181.25
10.90 0.06150 181.25
10.96 0.06110 181.23
10.95 0.06150 181.21
11.05 0.06080 181.21
11.08 0.06040 181.19
11.12 0.06000 181.19
11.13 0.06000 181.18
11.20 0.05960 181.20
11.24 0.05890 181.20
11.30 0.05850 181.19
11.33 0.05740 181.19
11.37 0.05700 181.16
11.48 0.05660 181.16
11.49 0.05590 181.15
11.53 0.05590 181.15
11.59 0.05510 181.14
11.65 0.05510 181.11
11.70 0.05440 181.11
11.75 0.05360 181.08
11.78 0.05290 181.08
11.80 0.05250 181.04
11.86 0.05210 181.04
11.90 0.05180 181.00
11.94 0.05140 181.00
12.02 0.05100 180.99
12.03 0.05060 180.99
12.12 0.05030 180.94
12.17 0.04990 180.94
12.22 0.04950 180.93
12.25 0.04910 180.93
12.29 0.04910 180.89
12.30 0.04910 180.88
12.35 0.04840 180.88
12.45 0.04870 180.86
12.49 0.04840 180.86
12.51 0.04800 180.81
12.55 0.04840 180.81
12.62 0.04840 180.79
12.67 0.04840 180.79
12.71 0.04840 180.75
12.75 0.04870 180.75
12.81 0.04870 180.73
12.85 0.04870 180.73
12.91 0.04910 180.68
12.92 0.04950 180.68
13.00 0.04990 180.64
13.03 0.05030 180.60
13.09 0.05060 180.60
13.15 0.05100 180.55
13.20 0.05140 180.55
13.20 0.05210 180.49
13.27 0.05210 180.49
13.30 0.05320 180.43
13.37 0.05400 180.39
13.42 0.05440 180.39
13.43 0.05470 180.34
13.49 0.05550 180.34
13.53 0.05660 180.29
13.57 0.05740 180.29
13.61 0.05810 180.25
13.71 0.05960 180.19
13.72 0.06040 180.19
13.77 0.06080 180.15
13.79 0.06150 180.15
13.88 0.06260 180.10
13.91 0.06380 180.10
13.98 0.06520 180.06
14.04 0.06670 180.01
14.02 0.06790 180.01
14.10 0.06900 179.96
14.14 0.06940 179.96
14.19 0.07130 179.93
14.23 0.07240 179.93
14.28 0.07390 179.88
14.33 0.07570 179.81
14.40 0.07730 179.81
14.41 0.07840 179.75
14.47 0.08030 179.75
14.54 0.08140 179.70
14.58 0.08320 179.70
14.63 0.08440 179.65
14.69 0.08630 179.65
14.70 0.08850 179.61
14.74 0.08960 179.59
14.77 0.09110 179.59
14.84 0.09260 179.59
14.89 0.09410 179.59
14.93 0.09490 179.58
14.98 0.09640 179.54
15.05 0.09680 179.54
15.06 0.09790 179.51
15.15 0.09820 179.51
15.16 0.09860 179.50
15.19 0.09860 179.46
15.27 0.09820 179.46
15.28 0.09750 179.45
15.34 0.09680 179.45
15.41 0.09560 179.44
15.44 0.09410 179.44
15.53 0.09300 179.43
15.54 0.09150 179.40
15.58 0.09040 179.40
15.62 0.08850 179.39
15.68 0.08660 179.39
15.72 0.08510 179.40
15.80 0.08400 179.43
15.85 0.08140 179.43
15.85 0.07950 179.45
15.93 0.07840 179.45
15.94 0.07690 179.48
16.00 0.07420 179.48
16.03 0.07280 179.50
16.11 0.07160 179.51
16.16 0.06900 179.51
16.21 0.06710 179.51
16.24 0.06600 179.51
16.28 0.06450 179.51
16.36 0.06340 179.51
16.36 0.06190 179.51
16.45 0.06110 179.52
16.47 0.06000 179.52
16.51 0.05890 179.55
16.60 0.05810 179.55
16.59 0.05700 179.58
16.64 0.05620 179.58
16.69 0.05550 179.63
16.77 0.05590 179.65
16.78 0.05510 179.65
16.84 0.05440 179.70
16.90 0.05400 179.70
16.96 0.05400 179.73
16.99 0.05440 179.75
17.03 0.05360 179.75
17.07 0.05400 179.77
17.12 0.05440 179.77
17.15 0.05440 179.84
17.22 0.05550 179.88
17.27 0.05510 179.88
17.35 0.05550 179.94
17.36 0.05620 179.94
17.40 0.05660 179.94
17.42 0.05780 179.94
17.52 0.05810 179.99
17.54 0.05920 179.99
17.59 0.06000 180.06
17.67 0.06110 180.06
17.71 0.06260 180.10
17.73 0.06380 180.18
17.75 0.06520 180.18
17.85 0.06600 180.25
17.87 0.06790 180.25
17.93 0.06860 180.29
17.95 0.07050 180.29
18.02 0.07200 180.33
18.08 0.07390 180.36
18.12 0.07610 180.36
18.18 0.07730 180.41
18.17 0.07910 180.41
18.26 0.08100 180.46
18.26 0.08290 180.46
18.34 0.08470 180.51
18.42 0.08780 180.55
18.45 0.09000 180.55
18.49 0.09190 180.60
18.52 0.09450 180.60
18.57 0.09600 180.66
18.58 0.09900 180.66
18.64 0.10130 180.71
18.69 0.10350 180.76
18.74 0.10610 180.76
18.83 0.10910 180.77
18.82 0.11250 180.77
18.89 0.11480 180.80
18.94 0.11810 180.80
18.99 0.12040 180.80
19.02 0.12410 180.84
19.08 0.12560 180.84
19.13 0.12940 180.83
19.17 0.13270 180.83
19.22 0.13500 180.81
19.27 0.13990 180.83
19.29 0.14140 180.83
19.34 0.14400 180.83
19.40 0.14620 180.83
19.43 0.14850 180.81
19.51 0.15040 180.81
19.58 0.15260 180.84
19.59 0.15490 180.88
19.63 0.15490 180.88
19.65 0.15560 180.89
19.74 0.15600 180.88
19.76 0.15490 180.88
19.79 0.15450 180.88
19.85 0.15300 180.88
19.91 0.15040 180.86
19.98 0.14810 180.86
19.99 0.14470 180.88
20.08 0.14210 180.88
20.12 0.13800 180.86
20.12 0.13610 180.85
20.16 0.13160 180.85
20.22 0.12860 180.85
20.30 0.12410 180.85
20.35 0.11850 180.85
20.39 0.11550 180.85
20.42 0.11140 180.85
20.48 0.10840 180.85
20.52 0.10390 180.86
20.54 0.10090 180.86
20.63 0.09680 180.86
20.64 0.09300 180.86
20.69 0.09000 180.85
20.77 0.08630 180.85
20.79 0.08320 180.88
20.81 0.08060 180.88
20.88 0.07800 180.88
20.91 0.07570 180.86
20.99 0.07390 180.86
21.02 0.07160 180.88
21.10 0.06900 180.88
21.15 0.06750 180.89
21.16 0.06640 180.89
21.21 0.06490 180.89
21.23 0.06410 180.88
21.29 0.06300 180.88
21.38 0.06190 180.85
21.43 0.06150 180.85
21.45 0.06110 180.83
21.49 0.06150 180.81
21.52 0.06150 180.81
21.60 0.06040 180.79
21.65 0.06110 180.79
21.67 0.06190 180.76
21.75 0.06260 180.76
21.77 0.06300 180.73
21.83 0.06450 180.73
21.89 0.06560 180.70
21.94 0.06640 180.70
21.97 0.06750 180.68
21.99 0.06900 180.68
22.06 0.07050 180.65
22.11 0.07280 180.65
22.15 0.07460 180.65
22.22 0.07570 180.63
22.26 0.07760 180.63
22.31 0.07990 180.61
22.33 0.08250 180.61
22.40 0.08400 180.60
22.40 0.08780 180.56
22.49 0.08890 180.56
22.55 0.09220 180.52
22.55 0.09560 180.52
22.65 0.09790 180.50
22.67 0.10130 180.50
22.71 0.10390 180.44
22.74 0.10760 180.40
22.82 0.10990 180.40
22.86 0.11360 180.34
22.91 0.11770 180.34
22.93 0.12110 180.31
22.98 0.12520 180.31
23.01 0.12860 180.29
23.08 0.13310 180.27
23.12 0.13610 180.27
23.15 0.14020 180.23
23.19 0.14360 180.23
23.25 0.14810 180.19
23.33 0.15340 180.19
23.38 0.15710 180.15
23.38 0.16200 180.15
23.43 0.16610 180.11
23.49 0.17140 180.11
23.51 0.17550 180.08
23.61 0.18000 180.08
23.64 0.18640 180.04
23.69 0.19120 180.01
23.71 0.19610 180.01
23.77 0.19990 179.96
23.83 0.20510 179.96
23.86 0.20890 179.94
23.88 0.21380 179.94
23.93 0.21670 179.91
24.00 0.22120 179.91
24.06 0.22540 179.90
24.12 0.22910 179.90
24.12 0.23140 179.90
24.20 0.23210 179.90
24.23 0.23360 179.90
24.28 0.23360 179.90
24.33 0.23320 179.91
24.36 0.23140 179.91
24.43 0.22950 179.93
24.48 0.22570 179.93
24.50 0.22310 179.98
24.56 0.21830 179.98
24.58 0.21410 179.99
24.65 0.20740 179.99
24.71 0.20320 179.99
24.75 0.19690 180.00
24.81 0.18820 180.00
24.87 0.18340 180.02
24.87 0.17620 180.02
24.92 0.17100 180.02
25.00 0.16310 180.02
25.03 0.15790 180.02
25.11 0.15070 180.05
25.11 0.14320 180.05
25.16 0.13800 180.08
25.21 0.13160 180.08
25.24 0.12680 180.08
25.31 0.11960 180.05
25.34 0.11480 180.05
25.40 0.10910 180.06
25.46 0.10580 180.06
25.49 0.10050 180.06
25.52 0.09560 180.05
25.57 0.09260 180.05
25.65 0.08890 180.06
25.71 0.08630 180.05
25.71 0.08320 180.05
25.75 0.08140 180.06
25.81 0.07910 180.06
25.86 0.07690 180.08
25.90 0.07570 180.08
25.93 0.07460 180.09
25.99 0.07390 180.09
26.02 0.07310 180.10
26.07 0.07310 180.10
26.11 0.07280 180.11
26.20 0.07350 180.11
26.24 0.07350 180.11
26.26 0.07420 180.13
26.34 0.07500 180.13
26.35 0.07650 180.14
26.42 0.07730 180.14
26.45 0.07950 180.15
26.52 0.08100 180.15
26.57 0.08290 180.16
26.63 0.08550 180.16
26.66 0.08780 180.18
26.68 0.09110 180.19
26.72 0.09340 180.19
26.78 0.09680 180.19
26.82 0.09900 180.19
26.88 0.10270 180.23
26.91 0.10650 180.26
27.00 0.10950 180.26
27.04 0.11400 180.26
27.08 0.11700 180.26
27.10 0.12150 180.25
27.15 0.12520 180.25
27.22 0.13090 180.27
27.27 0.13390 180.27
27.32 0.13910 180.27
27.36 0.14510 180.27
27.43 0.14920 180.27
27.45 0.15520 180.27
27.47 0.15970 180.26
27.54 0.16610 180.27
27.60 0.17020 180.27
27.64 0.17660 180.26
27.66 0.18070 180.26
27.76 0.18790 180.25
27.75 0.19500 180.25
27.80 0.20030 180.21
27.88 0.20850 180.19
27.92 0.21300 180.19
27.95 0.21970 180.19
27.98 0.22500 180.19
28.08 0.23250 180.18
28.07 0.24150 180.18
28.17 0.24750 180.15
28.21 0.25580 180.16
28.25 0.26060 180.16
28.27 0.26960 180.15
28.35 0.27380 180.15
28.36 0.28200 180.15
28.39 0.28730 180.15
28.48 0.29440 180.13
28.50 0.30230 180.13
28.55 0.30750 180.10
28.62 0.31310 180.10
28.66 0.31730 180.11
28.68 0.32290 180.14
28.77 0.32480 180.14
28.81 0.32780 180.15
28.81 0.32890 180.15
28.89 0.32930 180.14
28.94 0.32890 180.13
28.96 0.32740 180.13
29.00 0.32440 180.13
29.07 0.32140 180.13
29.08 0.31610 180.14
29.13 0.31200 180.14
29.19 0.30520 180.13
29.23 0.29660 180.13
29.29 0.29060 180.13
29.32 0.28010 180.11
29.38 0.27340 180.11
29.41 0.26440 180.11
29.51 0.25690 180.11
29.54 0.24600 180.11
29.56 0.23590 180.11
29.61 0.22690 180.13
29.65 0.21670 180.09
29.72 0.20890 180.09
29.76 0.19950 180.06
29.79 0.19240 180.06
29.86 0.18150 180.04
29.89 0.17470 180.04
29.97 0.16570 180.01
30.01 0.15640 180.01
30.04 0.14960 179.95
