0.03 0.04090 190.27
0.01 0.04050 190.24
-0.02 0.04090 190.24
0.00 0.04050 190.21
0.02 0.04130 190.21
0.01 0.04090 190.16
-0.01 0.04130 190.14
0.01 0.04130 190.14
0.06 0.04130 190.15
0.07 0.04130 190.15
0.12 0.04130 190.13
0.16 0.04130 190.11
0.23 0.04130 190.11
0.27 0.04090 190.10
0.35 0.04130 190.10
0.43 0.04090 190.10
0.51 0.04130 190.10
0.57 0.04090 190.11
0.64 0.04090 190.11
0.76 0.04090 190.15
0.81 0.04130 190.15
0.93 0.04090 190.19
0.99 0.04090 190.19
1.13 0.04130 190.21
1.21 0.04200 190.26
1.32 0.04090 190.26
1.43 0.04130 190.29
1.54 0.04130 190.29
1.66 0.04130 190.27
1.72 0.04130 190.27
1.82 0.04130 190.25
1.91 0.04130 190.25
1.97 0.04130 190.26
2.08 0.04130 190.26
2.18 0.04130 190.26
2.24 0.04090 190.29
2.32 0.04130 190.29
2.38 0.04050 190.30
2.45 0.04130 190.30
2.55 0.04130 190.31
2.61 0.04090 190.31
2.66 0.04090 190.38
2.74 0.04090 190.38
2.79 0.04090 190.40
2.90 0.04160 190.41
2.94 0.04090 190.41
3.03 0.04090 190.45
3.09 0.04130 190.45
3.15 0.04160 190.48
3.22 0.04130 190.48
3.28 0.04130 190.49
3.31 0.04090 190.49
3.36 0.04090 190.49
3.47 0.04160 190.52
3.49 0.04130 190.52
3.53 0.04130 190.54
3.62 0.04130 190.54
3.65 0.04090 190.55
3.75 0.04160 190.54
3.80 0.04130 190.54
3.82 0.04090 190.56
3.88 0.04130 190.56
3.93 0.04090 190.58
4.01 0.04160 190.56
4.04 0.04090 190.56
4.11 0.04090 190.59
4.18 0.04130 190.59
4.21 0.04090 190.59
4.23 0.04090 190.59
4.34 0.04130 190.61
4.37 0.04130 190.63
4.41 0.04130 190.63
4.47 0.04130 190.68
4.51 0.04130 190.68
4.59 0.04130 190.70
4.64 0.04160 190.68
4.68 0.04130 190.68
4.70 0.04130 190.68
4.79 0.04130 190.68
4.79 0.04090 190.69
4.87 0.04160 190.70
4.95 0.04160 190.70
4.95 0.04130 190.71
5.02 0.04090 190.71
5.07 0.04130 190.74
5.11 0.04130 190.74
5.14 0.04130 190.76
5.24 0.04160 190.74
5.22 0.04130 190.74
5.29 0.04130 190.74
5.39 0.04200 190.74
5.43 0.04200 190.75
5.48 0.04130 190.75
5.48 0.04160 190.76
5.53 0.04160 190.75
5.57 0.04160 190.75
5.67 0.04200 190.73
5.70 0.04160 190.73
5.76 0.04200 190.73
5.81 0.04200 190.73
5.86 0.04240 190.73
5.87 0.04240 190.75
5.95 0.04240 190.75
6.00 0.04240 190.74
6.03 0.04240 190.74
6.09 0.04280 190.73
6.13 0.04240 190.73
6.18 0.04240 190.71
6.23 0.04280 190.71
6.26 0.04200 190.69
6.31 0.04280 190.69
6.38 0.04310 190.66
6.40 0.04280 190.66
6.45 0.04280 190.63
6.52 0.04310 190.63
6.54 0.04310 190.58
6.60 0.04350 190.52
6.65 0.04310 190.52
6.69 0.04350 190.46
6.73 0.04390 190.40
6.76 0.04350 190.40
6.82 0.04310 190.38
6.92 0.04350 190.38
6.92 0.04350 190.35
6.97 0.04350 190.35
7.02 0.04390 190.34
7.05 0.04390 190.31
7.09 0.04350 190.31
7.16 0.04390 190.33
7.25 0.04430 190.33
7.24 0.04390 190.34
7.31 0.04430 190.35
7.34 0.04390 190.35
7.40 0.04390 190.40
7.46 0.04430 190.40
7.51 0.04390 190.40
7.55 0.04430 190.40
7.61 0.04430 190.41
7.63 0.04430 190.41
7.68 0.04430 190.44
7.73 0.04460 190.46
7.77 0.04430 190.46
7.80 0.04390 190.49
7.88 0.04430 190.49
7.92 0.04390 190.50
7.99 0.04430 190.50
8.02 0.04430 190.56
8.06 0.04430 190.59
8.10 0.04430 190.59
8.18 0.04430 190.64
8.21 0.04430 190.64
8.26 0.04430 190.66
8.30 0.04460 190.66
8.32 0.04350 190.70
8.37 0.04390 190.70
8.41 0.04390 190.76
8.50 0.04430 190.80
8.53 0.04430 190.80
8.55 0.04390 190.84
8.63 0.04390 190.84
8.63 0.04350 190.84
8.69 0.04390 190.84
8.75 0.04430 190.88
8.83 0.04430 190.88
8.83 0.04390 190.89
8.91 0.04430 190.89
8.94 0.04390 190.91
8.96 0.04350 190.91
9.04 0.04390 190.94
9.08 0.04460 190.94
9.15 0.04460 190.91
9.18 0.04500 190.93
9.23 0.04460 190.93
9.29 0.04460 190.91
9.30 0.04430 190.91
9.33 0.04460 190.91
9.38 0.04500 190.91
9.48 0.04500 190.89
9.52 0.04610 190.89
9.57 0.04540 190.89
9.60 0.04570 190.89
9.64 0.04540 190.89
9.66 0.04570 190.88
9.74 0.04650 190.88
9.75 0.04610 190.88
9.81 0.04610 190.86
9.88 0.04610 190.86
9.89 0.04650 190.86
9.95 0.04650 190.86
9.98 0.04690 190.85
10.07 0.04760 190.85
10.10 0.04760 190.83
10.15 0.04870 190.80
10.19 0.04840 190.80
10.23 0.04870 190.76
10.29 0.04840 190.76
10.34 0.04950 190.74
10.36 0.04950 190.74
10.44 0.04990 190.69
10.48 0.04990 190.69
10.54 0.05060 190.65
10.57 0.05140 190.60
10.62 0.05140 190.60
10.68 0.05140 190.54
10.73 0.05140 190.54
10.76 0.05180 190.51
10.81 0.05210 190.51
10.85 0.05210 190.48
10.91 0.05290 190.43
10.96 0.05290 190.43
10.98 0.05290 190.39
11.02 0.05290 190.39
11.08 0.05290 190.35
11.16 0.05320 190.35
11.18 0.05290 190.31
11.23 0.05290 190.31
11.28 0.05320 190.29
11.29 0.05360 190.24
11.37 0.05290 190.24
11.38 0.05290 190.20
11.46 0.05290 190.20
11.51 0.05290 190.18
11.54 0.05320 190.14
11.56 0.05250 190.14
11.63 0.05250 190.14
11.70 0.05210 190.14
11.75 0.05180 190.10
11.79 0.05250 190.09
11.82 0.05180 190.09
11.86 0.05140 190.11
11.90 0.05140 190.11
11.99 0.05100 190.11
12.01 0.05060 190.11
12.06 0.05060 190.11
12.12 0.05100 190.11
12.16 0.05030 190.09
12.21 0.05030 190.09
12.22 0.04950 190.09
12.29 0.04910 190.10
12.33 0.04910 190.10
12.39 0.04910 190.11
12.45 0.04910 190.11
12.49 0.04870 190.11
12.52 0.04870 190.13
12.58 0.04870 190.13
12.61 0.04870 190.14
12.64 0.04800 190.14
12.73 0.04840 190.15
12.77 0.04840 190.15
12.80 0.04800 190.13
12.88 0.04800 190.13
12.89 0.04840 190.10
12.95 0.04800 190.10
13.01 0.04800 190.10
13.03 0.04760 190.11
13.08 0.04730 190.11
13.11 0.04800 190.11
13.18 0.04800 190.11
13.23 0.04800 190.10
13.29 0.04840 190.10
13.32 0.04840 190.10
13.35 0.04870 190.13
13.39 0.04870 190.13
13.45 0.04910 190.13
13.47 0.04950 190.13
13.56 0.04950 190.11
13.61 0.04910 190.11
13.65 0.04950 190.13
13.69 0.05030 190.13
13.71 0.05060 190.14
13.78 0.05060 190.14
13.84 0.05140 190.16
13.88 0.05180 190.19
13.96 0.05210 190.19
13.99 0.05250 190.21
14.03 0.05320 190.21
14.03 0.05400 190.23
14.12 0.05440 190.26
14.12 0.05470 190.26
14.18 0.05550 190.31
14.22 0.05590 190.31
14.30 0.05620 190.34
14.34 0.05700 190.34
14.41 0.05780 190.36
14.41 0.05890 190.36
14.47 0.05920 190.40
14.53 0.05960 190.40
14.59 0.06080 190.45
14.61 0.06190 190.45
14.69 0.06260 190.49
14.70 0.06380 190.49
14.75 0.06450 190.51
14.79 0.06640 190.52
14.83 0.06640 190.52
14.92 0.06670 190.58
14.94 0.06830 190.58
14.96 0.06860 190.54
15.04 0.06900 190.54
15.10 0.07010 190.54
15.11 0.07160 190.52
15.17 0.07130 190.52
15.22 0.07240 190.52
15.24 0.07200 190.52
15.33 0.07200 190.51
15.38 0.07350 190.51
15.44 0.07280 190.51
15.47 0.07240 190.52
15.52 0.07280 190.52
15.52 0.07310 190.50
15.60 0.07310 190.50
15.63 0.07240 190.50
15.70 0.07200 190.50
15.73 0.07130 190.51
15.78 0.07130 190.50
15.86 0.07050 190.50
15.85 0.07010 190.48
15.93 0.06940 190.48
15.99 0.06860 190.46
16.01 0.06830 190.46
16.03 0.06710 190.45
16.12 0.06670 190.45
16.17 0.06560 190.45
16.18 0.06490 190.44
16.23 0.06410 190.44
16.27 0.06300 190.41
16.32 0.06190 190.41
16.37 0.06080 190.40
16.43 0.06110 190.40
16.46 0.06000 190.40
16.53 0.05920 190.38
16.57 0.05810 190.38
16.61 0.05780 190.39
16.66 0.05740 190.39
16.69 0.05620 190.38
16.74 0.05550 190.38
16.77 0.05550 190.35
16.82 0.05510 190.35
16.88 0.05440 190.33
16.92 0.05400 190.33
16.99 0.05320 190.30
17.05 0.05290 190.30
17.08 0.05250 190.24
17.09 0.05250 190.24
17.17 0.05210 190.18
17.23 0.05210 190.18
17.26 0.05180 190.14
17.32 0.05210 190.08
17.34 0.05210 190.08
17.42 0.05180 190.01
17.45 0.05210 190.01
17.49 0.05250 189.95
17.54 0.05210 189.91
17.61 0.05250 189.91
17.65 0.05290 189.89
17.67 0.05360 189.85
17.75 0.05320 189.85
17.78 0.05400 189.84
17.84 0.05470 189.84
17.85 0.05510 189.80
17.92 0.05590 189.76
17.96 0.05620 189.76
18.03 0.05660 189.75
18.06 0.05740 189.75
18.08 0.05850 189.73
18.17 0.05890 189.69
18.21 0.05960 189.69
18.23 0.06110 189.70
18.30 0.06190 189.70
18.32 0.06300 189.69
18.40 0.06450 189.73
18.43 0.06520 189.73
18.49 0.06640 189.75
18.52 0.06790 189.75
18.58 0.06900 189.75
18.60 0.07050 189.75
18.64 0.07160 189.80
18.71 0.07310 189.84
18.77 0.07350 189.84
18.79 0.07570 189.84
18.82 0.07730 189.84
18.90 0.07840 189.85
18.94 0.08030 189.85
19.01 0.08140 189.86
19.01 0.08360 189.86
19.07 0.08440 189.89
19.15 0.08630 189.89
19.15 0.08850 189.90
19.22 0.09000 189.90
19.26 0.09190 189.90
19.32 0.09300 189.93
19.35 0.09530 189.93
19.40 0.09680 189.91
19.45 0.09790 189.91
19.47 0.09970 189.91
19.54 0.10090 189.91
19.58 0.10310 189.95
19.63 0.10390 189.95
19.68 0.10420 189.96
19.75 0.10580 190.00
19.76 0.10650 190.00
19.82 0.10690 190.04
19.87 0.10650 190.04
19.90 0.10690 190.04
19.96 0.10650 190.04
20.01 0.10500 190.08
20.08 0.10540 190.10
20.08 0.10420 190.10
20.15 0.10270 190.11
20.17 0.10160 190.11
20.21 0.10010 190.14
20.31 0.09790 190.14
20.35 0.09640 190.14
20.37 0.09450 190.15
20.42 0.09260 190.15
20.49 0.09110 190.19
20.53 0.08890 190.19
20.54 0.08740 190.24
20.63 0.08550 190.24
20.64 0.08250 190.29
20.72 0.08140 190.33
20.73 0.07910 190.33
20.78 0.07730 190.36
20.82 0.07570 190.36
20.91 0.07390 190.38
20.91 0.07200 190.38
21.00 0.07090 190.41
21.03 0.06940 190.45
21.05 0.06670 190.45
21.14 0.06600 190.49
21.15 0.06450 190.49
21.20 0.06340 190.51
21.26 0.06230 190.51
21.32 0.06110 190.52
21.38 0.06040 190.52
21.41 0.05920 190.51
21.44 0.05920 190.55
21.51 0.05810 190.55
21.56 0.05740 190.59
21.55 0.05700 190.59
21.64 0.05660 190.61
21.67 0.05660 190.61
21.72 0.05700 190.63
21.79 0.05620 190.63
21.82 0.05660 190.65
21.85 0.05740 190.69
21.92 0.05660 190.69
21.94 0.05700 190.70
21.98 0.05780 190.70
22.06 0.05810 190.73
22.09 0.05890 190.73
22.16 0.05960 190.76
22.19 0.06080 190.76
22.21 0.06150 190.77
22.30 0.06190 190.77
22.31 0.06300 190.76
22.35 0.06410 190.77
22.43 0.06520 190.77
22.48 0.06640 190.77
22.52 0.06830 190.77
22.55 0.06980 190.79
22.59 0.07090 190.79
22.62 0.07280 190.75
22.68 0.07390 190.75
22.73 0.07570 190.74
22.79 0.07730 190.74
22.86 0.07950 190.74
22.89 0.08250 190.71
22.96 0.08360 190.71
22.98 0.08550 190.70
23.03 0.08700 190.70
23.06 0.08960 190.68
23.09 0.09220 190.64
23.12 0.09410 190.64
23.19 0.09600 190.58
23.26 0.09860 190.58
23.30 0.10160 190.52
23.34 0.10420 190.52
23.38 0.10690 190.48
23.46 0.10990 190.45
23.48 0.11210 190.45
23.51 0.11400 190.41
23.59 0.11740 190.41
23.61 0.12150 190.38
23.65 0.12340 190.38
23.69 0.12640 190.35
23.77 0.12860 190.35
23.82 0.13240 190.29
23.85 0.13350 190.29
23.89 0.13730 190.24
23.94 0.13910 190.24
24.00 0.14250 190.21
24.03 0.14590 190.16
24.08 0.14660 190.16
24.15 0.14920 190.11
24.18 0.15070 190.11
24.23 0.15190 190.09
24.27 0.15150 190.09
24.34 0.15300 190.08
24.37 0.15230 190.08
24.42 0.15260 190.04
24.45 0.15190 190.04
24.53 0.15150 190.00
24.54 0.14920 190.00
24.61 0.14810 189.98
24.63 0.14590 189.93
24.68 0.14360 189.93
24.75 0.14020 189.91
24.76 0.13650 189.91
24.83 0.13390 189.88
24.87 0.13010 189.88
24.94 0.12710 189.88
24.95 0.12300 189.88
25.02 0.12040 189.86
25.07 0.11620 189.86
25.12 0.11180 189.83
25.17 0.10880 189.83
25.22 0.10500 189.76
25.24 0.10200 189.76
25.30 0.09820 189.73
25.34 0.09560 189.73
25.37 0.09220 189.71
25.44 0.08960 189.71
25.49 0.08630 189.69
25.50 0.08250 189.69
25.56 0.08060 189.66
25.62 0.07840 189.66
25.66 0.07610 189.64
25.68 0.07350 189.64
25.73 0.07200 189.61
25.83 0.07010 189.60
25.86 0.06790 189.60
25.92 0.06670 189.60
25.93 0.06560 189.60
26.01 0.06490 189.59
26.04 0.06410 189.56
26.08 0.06380 189.56
26.11 0.06300 189.55
26.16 0.06260 189.55
26.23 0.06230 189.52
26.26 0.06230 189.52
26.34 0.06260 189.52
26.37 0.06340 189.52
26.43 0.06340 189.52
26.45 0.06490 189.51
26.48 0.06490 189.51
26.56 0.06560 189.52
26.60 0.06710 189.52
26.66 0.06830 189.51
26.66 0.06900 189.51
26.73 0.07050 189.52
26.75 0.07240 189.52
26.80 0.07390 189.56
26.86 0.07650 189.59
26.90 0.07730 189.59
26.98 0.07950 189.61
27.01 0.08210 189.61
27.08 0.08440 189.63
27.10 0.08660 189.63
27.16 0.08850 189.63
27.20 0.09150 189.63
27.24 0.09340 189.65
27.29 0.09710 189.65
27.34 0.10010 189.66
27.41 0.10270 189.66
27.44 0.10580 189.69
27.47 0.10880 189.69
27.52 0.11210 189.71
27.58 0.11550 189.70
27.62 0.11920 189.70
27.67 0.12190 189.70
27.70 0.12560 189.70
27.75 0.12970 189.74
27.80 0.13350 189.74
27.81 0.13730 189.75
27.91 0.14170 189.77
27.95 0.14510 189.77
27.96 0.14850 189.76
28.03 0.15380 189.76
28.09 0.15940 189.79
28.14 0.16240 189.77
28.18 0.16720 189.77
28.21 0.16990 189.75
28.25 0.17440 189.75
28.32 0.17850 189.74
28.34 0.18340 189.73
28.37 0.18600 189.73
28.44 0.19010 189.69
28.49 0.19540 189.69
28.54 0.19840 189.68
28.55 0.20170 189.68
28.63 0.20440 189.65
28.65 0.20770 189.65
28.70 0.21000 189.64
28.75 0.21190 189.64
28.83 0.21380 189.64
28.88 0.21490 189.63
28.89 0.21490 189.63
28.96 0.21410 189.61
28.99 0.21300 189.61
29.03 0.21150 189.59
29.08 0.20850 189.59
29.12 0.20620 189.59
29.17 0.20210 189.59
29.24 0.19760 189.59
29.30 0.19310 189.58
29.31 0.18820 189.54
29.39 0.18410 189.54
29.39 0.17810 189.51
29.48 0.17440 189.51
29.54 0.16800 189.49
29.55 0.16120 189.49
29.61 0.15640 189.49
29.65 0.14920 189.49
29.71 0.14510 189.48
29.72 0.13880 189.48
29.79 0.13350 189.48
29.84 0.12820 189.50
29.89 0.12410 189.50
29.94 0.11810 189.52
29.95 0.11210 189.52
30.03 0.10880 189.52
30.05 0.10390 189.52
