-0.07 0.04090 190.18
-0.02 0.04160 190.21
-0.06 0.04130 190.21
-0.06 0.04090 190.27
-0.04 0.04090 190.27
-0.06 0.04130 190.33
-0.06 0.04130 190.33
-0.05 0.04130 190.38
0.00 0.04130 190.38
0.05 0.04130 190.41
0.07 0.04160 190.48
0.10 0.04090 190.48
0.16 0.04090 190.51
0.21 0.04130 190.51
0.26 0.04090 190.59
0.35 0.04090 190.59
0.41 0.04090 190.65
0.53 0.04160 190.70
0.56 0.04090 190.70
0.71 0.04090 190.77
0.78 0.04090 190.77
0.86 0.04050 190.80
0.90 0.04130 190.80
1.06 0.04090 190.81
1.10 0.04130 190.81
1.20 0.04130 190.86
1.35 0.04130 190.90
1.44 0.04090 190.90
1.54 0.04130 190.96
1.62 0.03940 190.96
1.75 0.04050 191.00
1.79 0.04090 191.00
1.87 0.04130 191.05
2.00 0.04160 191.09
2.06 0.04130 191.09
2.15 0.04090 191.09
2.19 0.04130 191.09
2.30 0.04090 191.09
2.35 0.04160 191.06
2.44 0.04130 191.06
2.50 0.04090 191.04
2.60 0.04090 191.04
2.70 0.04130 191.02
2.70 0.04160 191.01
2.82 0.04130 191.01
2.83 0.04130 191.00
2.95 0.04090 191.00
2.95 0.04130 190.99
3.08 0.04050 190.99
3.13 0.04090 190.96
3.16 0.04130 190.96
3.22 0.04090 190.93
3.30 0.04090 190.91
3.36 0.04130 190.91
3.39 0.04090 190.88
3.45 0.04090 190.88
3.52 0.04090 190.89
3.56 0.04130 190.89
3.64 0.04130 190.90
3.68 0.04160 190.88
3.73 0.04130 190.88
3.78 0.04090 190.84
3.88 0.04130 190.84
3.93 0.04050 190.79
3.95 0.04130 190.79
4.01 0.04130 190.75
4.05 0.04130 190.75
4.16 0.04130 190.73
4.21 0.04090 190.73
4.21 0.04130 190.70
4.26 0.04200 190.70
4.32 0.04130 190.70
4.40 0.04090 190.69
4.42 0.04160 190.69
4.48 0.04160 190.69
4.53 0.04090 190.69
4.57 0.04160 190.71
4.63 0.04130 190.71
4.68 0.04130 190.70
4.71 0.04160 190.70
4.78 0.04160 190.70
4.83 0.04160 190.70
4.89 0.04130 190.70
4.98 0.04160 190.69
4.96 0.04160 190.69
5.05 0.04160 190.69
5.10 0.04160 190.69
5.16 0.04160 190.69
5.20 0.04160 190.69
5.26 0.04160 190.69
5.30 0.04240 190.69
5.33 0.04200 190.69
5.38 0.04200 190.69
5.43 0.04200 190.69
5.49 0.04240 190.68
5.52 0.04240 190.68
5.58 0.04240 190.66
5.64 0.04240 190.66
5.70 0.04240 190.66
5.70 0.04350 190.66
5.77 0.04280 190.66
5.81 0.04240 190.66
5.83 0.04280 190.66
5.93 0.04280 190.61
5.96 0.04310 190.61
6.01 0.04310 190.55
6.07 0.04430 190.54
6.13 0.04390 190.54
6.13 0.04390 190.52
6.16 0.04430 190.52
6.26 0.04350 190.51
6.27 0.04390 190.51
6.31 0.04430 190.45
6.42 0.04390 190.45
6.46 0.04430 190.44
6.46 0.04500 190.40
6.54 0.04460 190.40
6.60 0.04460 190.38
6.61 0.04500 190.38
6.67 0.04460 190.36
6.72 0.04540 190.36
6.78 0.04540 190.34
6.79 0.04570 190.33
6.83 0.04540 190.33
6.88 0.04570 190.29
6.95 0.04570 190.29
6.98 0.04570 190.29
7.06 0.04570 190.29
7.11 0.04570 190.27
7.13 0.04650 190.27
7.16 0.04650 190.27
7.21 0.04650 190.27
7.28 0.04650 190.27
7.33 0.04650 190.27
7.36 0.04650 190.27
7.39 0.04690 190.26
7.46 0.04650 190.26
7.52 0.04650 190.26
7.56 0.04690 190.27
7.60 0.04730 190.27
7.66 0.04760 190.33
7.68 0.04760 190.30
7.77 0.04730 190.30
7.76 0.04760 190.29
7.84 0.04730 190.29
7.88 0.04730 190.27
7.95 0.04760 190.27
7.96 0.04760 190.26
8.01 0.04800 190.21
8.10 0.04730 190.21
8.14 0.04800 190.20
8.16 0.04800 190.20
8.23 0.04760 190.18
8.23 0.04870 190.14
8.33 0.04800 190.14
8.33 0.04840 190.11
8.40 0.04800 190.11
8.42 0.04840 190.06
8.49 0.04840 190.06
8.51 0.04870 190.04
8.59 0.04840 190.04
8.67 0.04870 189.95
8.68 0.04870 189.95
8.76 0.04910 189.89
8.79 0.04910 189.89
8.82 0.04910 189.84
8.84 0.04990 189.79
8.93 0.04950 189.79
8.97 0.04950 189.75
9.01 0.04990 189.75
9.04 0.04990 189.74
9.12 0.05030 189.74
9.14 0.05030 189.69
9.18 0.05140 189.66
9.23 0.05060 189.66
9.29 0.05100 189.60
9.35 0.05140 189.60
9.39 0.05140 189.59
9.41 0.05250 189.52
9.45 0.05180 189.52
9.50 0.05180 189.50
9.56 0.05180 189.50
9.60 0.05210 189.49
9.65 0.05210 189.49
9.68 0.05290 189.49
9.73 0.05320 189.49
9.79 0.05360 189.46
9.87 0.05470 189.45
9.90 0.05400 189.45
9.95 0.05470 189.44
9.97 0.05510 189.44
9.99 0.05550 189.43
10.10 0.05590 189.44
10.16 0.05590 189.44
10.18 0.05620 189.44
10.21 0.05660 189.44
10.23 0.05740 189.46
10.32 0.05810 189.46
10.33 0.05780 189.46
10.38 0.05850 189.45
10.44 0.05890 189.45
10.49 0.05890 189.48
10.56 0.05960 189.45
10.60 0.05960 189.45
10.66 0.06000 189.44
10.66 0.06040 189.44
10.72 0.06080 189.43
10.75 0.06110 189.43
10.84 0.06110 189.44
10.88 0.06190 189.44
10.89 0.06190 189.43
10.95 0.06230 189.40
11.02 0.06190 189.40
11.08 0.06190 189.41
11.08 0.06230 189.41
11.13 0.06230 189.39
11.18 0.06230 189.39
11.24 0.06230 189.40
11.27 0.06340 189.38
11.33 0.06260 189.38
11.41 0.06230 189.39
11.42 0.06260 189.39
11.47 0.06230 189.36
11.49 0.06190 189.36
11.57 0.06230 189.36
11.60 0.06230 189.36
11.68 0.06230 189.38
11.74 0.06230 189.38
11.72 0.06230 189.38
11.80 0.06150 189.36
11.86 0.06150 189.36
11.91 0.06150 189.36
11.91 0.06230 189.38
11.97 0.06150 189.38
12.06 0.06150 189.38
12.08 0.06150 189.38
12.12 0.06150 189.34
12.16 0.06150 189.34
12.19 0.06150 189.34
12.22 0.06150 189.34
12.29 0.06150 189.34
12.33 0.06190 189.34
12.38 0.06150 189.34
12.42 0.06190 189.34
12.45 0.06190 189.31
12.53 0.06150 189.31
12.55 0.06190 189.33
12.63 0.06230 189.31
12.68 0.06150 189.31
12.70 0.06190 189.33
12.76 0.06190 189.33
12.81 0.06230 189.31
12.84 0.06230 189.31
12.88 0.06230 189.27
12.94 0.06260 189.27
12.97 0.06260 189.27
13.02 0.06300 189.27
13.06 0.06340 189.26
13.12 0.06380 189.26
13.18 0.06410 189.25
13.19 0.06450 189.25
13.24 0.06450 189.25
13.30 0.06490 189.25
13.36 0.06520 189.21
13.38 0.06600 189.18
13.45 0.06560 189.18
13.50 0.06640 189.18
13.56 0.06670 189.18
13.57 0.06750 189.18
13.64 0.06750 189.18
13.66 0.06830 189.18
13.71 0.06860 189.18
13.77 0.06900 189.19
13.84 0.06980 189.19
13.86 0.07090 189.23
13.88 0.07200 189.25
13.95 0.07200 189.25
13.98 0.07310 189.26
14.06 0.07350 189.26
14.12 0.07420 189.25
14.11 0.07610 189.25
14.18 0.07540 189.25
14.25 0.07690 189.24
14.29 0.07760 189.24
14.36 0.07800 189.25
14.40 0.07910 189.25
14.40 0.08030 189.23
14.43 0.08170 189.24
14.52 0.08170 189.24
14.57 0.08290 189.26
14.61 0.08440 189.26
14.66 0.08510 189.27
14.73 0.08590 189.27
14.77 0.08700 189.27
14.77 0.08850 189.29
14.86 0.08850 189.29
14.86 0.09040 189.29
14.94 0.09150 189.29
14.97 0.09190 189.29
15.00 0.09260 189.33
15.10 0.09220 189.33
15.09 0.09380 189.34
15.16 0.09380 189.34
15.19 0.09410 189.33
15.23 0.09450 189.33
15.30 0.09490 189.34
15.35 0.09490 189.34
15.38 0.09490 189.34
15.42 0.09490 189.34
15.49 0.09410 189.30
15.54 0.09450 189.29
15.60 0.09380 189.29
15.64 0.09300 189.27
15.67 0.09300 189.27
15.72 0.09300 189.27
15.77 0.09220 189.27
15.83 0.09150 189.25
15.86 0.09110 189.24
15.90 0.09070 189.24
15.94 0.09000 189.21
16.03 0.08890 189.21
16.05 0.08890 189.21
16.09 0.08850 189.20
16.14 0.08780 189.20
16.18 0.08700 189.19
16.23 0.08660 189.19
16.29 0.08550 189.18
16.35 0.08510 189.18
16.38 0.08470 189.16
16.39 0.08510 189.14
16.48 0.08400 189.14
16.49 0.08360 189.11
16.55 0.08320 189.11
16.57 0.08320 189.13
16.63 0.08320 189.13
16.71 0.08250 189.13
16.75 0.08210 189.13
16.79 0.08250 189.11
16.82 0.08250 189.13
16.90 0.08170 189.13
16.95 0.08170 189.11
16.96 0.08210 189.11
17.04 0.08210 189.11
17.06 0.08210 189.11
17.11 0.08290 189.14
17.15 0.08320 189.11
17.23 0.08290 189.11
17.23 0.08400 189.11
17.32 0.08320 189.11
17.36 0.08400 189.11
17.41 0.08470 189.11
17.44 0.08470 189.15
17.49 0.08550 189.15
17.54 0.08630 189.19
17.60 0.08740 189.24
17.65 0.08810 189.24
17.71 0.08850 189.24
17.72 0.08930 189.24
17.81 0.08960 189.27
17.84 0.09150 189.27
17.86 0.09190 189.31
17.95 0.09300 189.35
17.98 0.09410 189.35
18.00 0.09560 189.39
18.09 0.09640 189.39
18.13 0.09750 189.44
18.16 0.09820 189.44
18.21 0.09970 189.50
18.26 0.10010 189.50
18.29 0.10200 189.54
18.33 0.10460 189.56
18.40 0.10500 189.56
18.42 0.10690 189.60
18.48 0.10760 189.60
18.51 0.10910 189.63
18.59 0.11030 189.63
18.59 0.11250 189.64
18.65 0.11440 189.66
18.75 0.11550 189.66
18.79 0.11770 189.68
18.81 0.11890 189.68
18.83 0.12110 189.70
18.93 0.12230 189.70
18.93 0.12450 189.70
18.98 0.12600 189.70
19.04 0.12820 189.74
19.08 0.13010 189.74
19.16 0.13200 189.71
19.20 0.13420 189.74
19.25 0.13570 189.74
19.29 0.13760 189.74
19.30 0.13910 189.74
19.35 0.14140 189.76
19.40 0.14210 189.76
19.50 0.14400 189.77
19.51 0.14590 189.79
19.55 0.14590 189.79
19.59 0.14700 189.79
19.68 0.14700 189.79
19.70 0.14740 189.81
19.72 0.14850 189.85
19.78 0.14740 189.85
19.83 0.14700 189.88
19.91 0.14620 189.88
19.95 0.14550 189.90
19.97 0.14550 189.90
20.02 0.14360 189.93
20.09 0.14290 189.96
20.11 0.14100 189.96
20.18 0.13950 190.02
20.24 0.13760 190.02
20.26 0.13610 190.09
20.31 0.13500 190.09
20.35 0.13270 190.15
20.41 0.13160 190.19
20.43 0.12970 190.19
20.48 0.12860 190.26
20.52 0.12640 190.26
20.60 0.12450 190.35
20.63 0.12380 190.35
20.69 0.12190 190.43
20.71 0.12110 190.43
20.75 0.11960 190.55
20.80 0.11850 190.55
20.86 0.11660 190.61
20.92 0.11550 190.71
20.98 0.11440 190.71
20.97 0.11360 190.81
21.05 0.11250 190.81
21.09 0.11180 190.86
21.12 0.11100 190.86
21.19 0.11100 190.95
21.24 0.11060 190.95
21.26 0.11030 191.05
21.35 0.10990 191.05
21.39 0.10950 191.10
21.40 0.11030 191.16
21.48 0.10990 191.16
21.49 0.11060 191.21
21.56 0.11030 191.21
21.60 0.11030 191.27
21.63 0.11140 191.27
21.71 0.11180 191.33
21.73 0.11290 191.33
21.81 0.11290 191.35
21.85 0.11480 191.39
21.87 0.11510 191.39
21.94 0.11590 191.44
21.96 0.11660 191.44
22.02 0.11850 191.46
22.08 0.11890 191.46
22.12 0.12000 191.51
22.13 0.12260 191.52
22.20 0.12260 191.52
22.24 0.12450 191.51
22.30 0.12560 191.51
22.35 0.12710 191.50
22.37 0.12860 191.50
22.42 0.13050 191.48
22.47 0.13350 191.48
22.51 0.13420 191.48
22.56 0.13540 191.45
22.63 0.13730 191.45
22.67 0.13950 191.46
22.68 0.14210 191.46
22.76 0.14400 191.46
22.82 0.14590 191.45
22.86 0.14770 191.45
22.91 0.15040 191.45
22.92 0.15260 191.45
22.94 0.15490 191.48
23.04 0.15670 191.48
23.04 0.16010 191.45
23.12 0.16280 191.44
23.20 0.16460 191.44
23.19 0.16840 191.41
23.30 0.16990 191.41
23.31 0.17360 191.41
23.35 0.17590 191.41
23.40 0.17890 191.45
23.43 0.18110 191.45
23.48 0.18450 191.45
23.56 0.18820 191.44
23.60 0.19010 191.44
23.62 0.19390 191.43
23.68 0.19690 191.43
23.71 0.19950 191.43
23.77 0.20210 191.43
23.83 0.20470 191.43
23.86 0.20700 191.40
23.90 0.20960 191.40
23.96 0.21220 191.38
24.04 0.21410 191.38
24.06 0.21640 191.33
24.07 0.21710 191.33
24.16 0.21830 191.26
24.16 0.21860 191.26
24.23 0.21860 191.19
24.30 0.21860 191.11
24.34 0.21710 191.11
24.39 0.21520 191.05
24.46 0.21410 191.05
24.49 0.21110 190.99
24.52 0.20960 190.99
24.60 0.20620 190.91
24.65 0.20400 190.80
24.67 0.20030 190.80
24.71 0.19650 190.74
24.76 0.19420 190.74
24.82 0.19050 190.66
24.90 0.18820 190.66
24.90 0.18450 190.61
24.95 0.18260 190.54
25.02 0.17890 190.54
25.04 0.17510 190.45
25.11 0.17330 190.45
25.14 0.16990 190.36
25.20 0.16800 190.27
25.26 0.16540 190.27
25.31 0.16350 190.20
25.34 0.16090 190.20
25.39 0.15900 190.13
25.42 0.15670 190.13
25.46 0.15450 190.08
25.54 0.15340 190.08
25.59 0.15190 190.06
25.63 0.15150 190.05
25.64 0.14960 190.05
25.69 0.14890 190.06
25.78 0.14850 190.06
25.80 0.14770 190.09
25.86 0.14770 190.09
25.90 0.14740 190.10
25.94 0.14770 190.10
26.00 0.14770 190.10
26.04 0.14770 190.09
26.05 0.14810 190.09
26.13 0.14890 190.08
26.19 0.14920 190.08
26.21 0.15070 190.06
26.26 0.15190 190.08
26.32 0.15300 190.08
26.35 0.15410 190.08
26.40 0.15600 190.08
26.44 0.15670 190.08
26.53 0.15860 190.08
26.56 0.16090 190.08
26.62 0.16240 190.08
26.62 0.16420 190.08
26.70 0.16650 190.08
26.70 0.16870 190.08
26.79 0.17140 190.06
26.82 0.17330 190.06
26.87 0.17510 190.08
26.94 0.17810 190.08
26.94 0.18150 190.08
27.04 0.18410 190.08
27.04 0.18670 190.08
27.11 0.18900 190.08
27.13 0.19270 190.05
27.17 0.19610 189.99
27.28 0.19950 189.99
27.27 0.20320 189.94
27.33 0.20620 189.94
27.40 0.21040 189.89
27.44 0.21300 189.89
27.48 0.21710 189.85
27.52 0.21940 189.85
27.57 0.22310 189.84
27.60 0.22610 189.84
27.68 0.23100 189.81
27.71 0.23620 189.81
27.74 0.23920 189.81
27.79 0.24370 189.81
27.85 0.24750 189.79
27.90 0.25280 189.76
27.94 0.25540 189.76
28.01 0.25910 189.74
28.04 0.26510 189.74
28.10 0.26890 189.70
28.10 0.27340 189.70
28.19 0.27710 189.66
28.23 0.28200 189.66
28.28 0.28570 189.63
28.29 0.29140 189.59
28.34 0.29330 189.59
28.39 0.29810 189.56
28.46 0.30260 189.56
28.52 0.30490 189.56
28.53 0.30830 189.56
28.58 0.31010 189.54
28.64 0.31280 189.52
28.69 0.31310 189.52
28.75 0.31430 189.50
28.76 0.31390 189.50
28.83 0.31390 189.52
28.85 0.31240 189.52
28.90 0.31130 189.56
28.93 0.30860 189.56
29.00 0.30680 189.61
29.05 0.30300 189.61
29.11 0.29960 189.65
29.15 0.29550 189.65
29.18 0.28990 189.65
29.22 0.28610 189.65
29.28 0.28050 189.68
29.33 0.27640 189.68
29.38 0.27110 189.70
29.42 0.26740 189.70
29.48 0.26210 189.70
29.52 0.25650 189.70
29.57 0.25160 189.71
29.60 0.24670 189.76
29.63 0.24300 189.76
29.69 0.23850 189.80
29.75 0.23550 189.80
29.77 0.23100 189.85
29.81 0.22760 189.85
29.92 0.22310 189.93
29.92 0.21900 189.93
29.96 0.21600 189.99
30.03 0.21340 190.05
