-0.07 0.04130 180.16
-0.05 0.04050 180.16
-0.08 0.04090 180.20
-0.06 0.04050 180.20
-0.05 0.04050 180.25
-0.08 0.04090 180.30
-0.03 0.04090 180.30
-0.04 0.04050 180.35
0.01 0.04090 180.35
0.01 0.04090 180.45
0.04 0.04090 180.45
0.08 0.04090 180.52
0.16 0.04090 180.63
0.18 0.04050 180.63
0.26 0.04090 180.70
0.31 0.04090 180.70
0.41 0.04090 180.77
0.54 0.04130 180.84
0.56 0.04090 180.84
0.65 0.04010 180.88
0.73 0.04050 180.88
0.82 0.04050 180.93
0.91 0.04050 180.93
1.05 0.04090 180.96
1.08 0.04050 180.96
1.21 0.04090 180.98
1.32 0.04090 180.98
1.42 0.04090 180.99
1.52 0.04050 180.99
1.59 0.04090 181.00
1.72 0.04090 181.00
1.79 0.04090 181.00
1.89 0.04130 181.02
1.99 0.04090 181.02
2.04 0.04090 181.05
2.18 0.04090 181.05
2.20 0.04090 181.04
2.32 0.04050 181.04
2.34 0.04090 181.02
2.43 0.04090 181.02
2.50 0.04130 181.00
2.59 0.04130 181.00
2.66 0.04130 180.96
2.70 0.04090 180.96
2.81 0.04090 180.94
2.88 0.04130 180.89
2.91 0.04050 180.89
2.98 0.04090 180.86
3.05 0.04090 180.86
3.13 0.04090 180.83
3.15 0.04090 180.83
3.22 0.04090 180.77
3.30 0.04130 180.75
3.38 0.04090 180.75
3.38 0.04090 180.73
3.47 0.04090 180.73
3.54 0.04090 180.69
3.56 0.04090 180.69
3.65 0.04090 180.65
3.67 0.04130 180.65
3.78 0.04050 180.63
3.82 0.04090 180.63
3.88 0.04090 180.60
3.88 0.04050 180.60
3.97 0.04090 180.56
4.06 0.04130 180.54
4.07 0.04090 180.54
4.12 0.04090 180.51
4.17 0.04050 180.51
4.25 0.04010 180.49
4.30 0.04090 180.49
4.34 0.04050 180.45
4.38 0.04090 180.45
4.45 0.04050 180.43
4.53 0.04050 180.43
4.54 0.04090 180.44
4.57 0.04090 180.44
4.63 0.04090 180.44
4.70 0.04130 180.45
4.70 0.04090 180.45
4.76 0.04090 180.45
4.83 0.04160 180.43
4.92 0.04090 180.43
4.92 0.04130 180.43
4.96 0.04090 180.43
5.02 0.04090 180.40
5.07 0.04130 180.40
5.13 0.04130 180.41
5.20 0.04130 180.39
5.22 0.04090 180.39
5.29 0.04090 180.34
5.33 0.04130 180.34
5.39 0.04130 180.35
5.40 0.04130 180.35
5.45 0.04130 180.38
5.49 0.04130 180.38
5.57 0.04130 180.38
5.61 0.04160 180.38
5.65 0.04160 180.39
5.70 0.04160 180.39
5.76 0.04200 180.43
5.83 0.04240 180.45
5.86 0.04200 180.45
5.90 0.04240 180.48
5.92 0.04200 180.48
5.99 0.04280 180.50
6.04 0.04310 180.50
6.08 0.04310 180.54
6.18 0.04280 180.58
6.16 0.04280 180.58
6.24 0.04350 180.56
6.26 0.04350 180.56
6.35 0.04350 180.54
6.42 0.04390 180.54
6.44 0.04390 180.52
6.47 0.04390 180.52
6.50 0.04460 180.52
6.61 0.04430 180.52
6.63 0.04460 180.51
6.65 0.04540 180.49
6.69 0.04460 180.49
6.77 0.04500 180.44
6.85 0.04500 180.44
6.87 0.04500 180.40
6.92 0.04540 180.40
6.96 0.04540 180.39
7.00 0.04650 180.43
7.01 0.04610 180.43
7.09 0.04570 180.41
7.18 0.04610 180.41
7.18 0.04610 180.39
7.22 0.04690 180.36
7.29 0.04650 180.36
7.35 0.04650 180.33
7.34 0.04650 180.33
7.44 0.04610 180.29
7.44 0.04730 180.26
7.54 0.04690 180.26
7.57 0.04730 180.24
7.63 0.04760 180.21
7.65 0.04760 180.21
7.72 0.04730 180.19
7.73 0.04800 180.19
7.81 0.04800 180.16
7.85 0.04840 180.15
7.93 0.04840 180.15
7.92 0.04870 180.16
8.01 0.04840 180.16
8.06 0.04870 180.13
8.08 0.04950 180.11
8.14 0.04950 180.11
8.20 0.04950 180.14
8.23 0.04950 180.14
8.29 0.04990 180.15
8.35 0.04990 180.15
8.36 0.05100 180.18
8.39 0.05100 180.18
8.43 0.05140 180.23
8.50 0.05180 180.24
8.53 0.05210 180.24
8.57 0.05210 180.26
8.66 0.05210 180.26
8.72 0.05290 180.27
8.77 0.05320 180.31
8.78 0.05360 180.31
8.86 0.05400 180.35
8.89 0.05470 180.35
8.90 0.05510 180.40
8.93 0.05550 180.40
9.01 0.05550 180.46
9.08 0.05660 180.50
9.08 0.05740 180.50
9.19 0.05740 180.54
9.19 0.05850 180.54
9.25 0.05850 180.60
9.30 0.05920 180.60
9.31 0.06000 180.65
9.42 0.06040 180.65
9.41 0.06190 180.71
9.46 0.06260 180.77
9.53 0.06260 180.77
9.60 0.06300 180.84
9.62 0.06410 180.84
9.68 0.06450 180.94
9.69 0.06560 180.94
9.74 0.06600 180.98
9.82 0.06750 180.98
9.84 0.06900 181.02
9.89 0.06980 181.06
9.93 0.07010 181.06
9.99 0.07090 181.09
10.01 0.07200 181.09
10.06 0.07280 181.11
10.14 0.07390 181.15
10.20 0.07420 181.15
10.26 0.07500 181.16
10.25 0.07610 181.16
10.33 0.07650 181.20
10.37 0.07690 181.20
10.40 0.07760 181.20
10.46 0.07840 181.23
10.53 0.07800 181.23
10.55 0.07840 181.24
10.59 0.07880 181.23
10.64 0.07840 181.23
10.68 0.07840 181.24
10.73 0.07800 181.24
10.80 0.07760 181.24
10.82 0.07730 181.24
10.88 0.07730 181.24
10.92 0.07690 181.24
10.96 0.07610 181.24
10.99 0.07500 181.24
11.05 0.07460 181.24
11.08 0.07460 181.23
11.17 0.07460 181.23
11.21 0.07310 181.23
11.23 0.07310 181.23
11.30 0.07240 181.19
11.33 0.07200 181.19
11.38 0.07130 181.18
11.45 0.07090 181.15
11.47 0.07050 181.15
11.55 0.06940 181.14
11.57 0.06940 181.14
11.62 0.06940 181.16
11.65 0.06860 181.16
11.71 0.06830 181.14
11.79 0.06790 181.11
11.79 0.06710 181.11
11.87 0.06670 181.09
11.89 0.06670 181.09
11.95 0.06640 181.08
11.97 0.06670 181.08
12.06 0.06600 181.08
12.10 0.06670 181.06
12.13 0.06640 181.06
12.20 0.06640 181.05
12.26 0.06640 181.05
12.28 0.06640 181.05
12.34 0.06670 181.05
12.38 0.06670 181.04
12.40 0.06790 181.04
12.46 0.06790 181.02
12.53 0.06830 181.02
12.54 0.06860 181.00
12.58 0.06980 180.99
12.67 0.06940 180.99
12.69 0.07010 180.96
12.74 0.07010 180.96
12.79 0.07090 180.94
12.86 0.07200 180.94
12.91 0.07200 180.91
12.94 0.07280 180.91
13.00 0.07390 180.91
13.03 0.07460 180.91
13.09 0.07570 180.90
13.10 0.07690 180.88
13.17 0.07880 180.88
13.20 0.07950 180.86
13.24 0.08060 180.86
13.31 0.08140 180.85
13.36 0.08320 180.81
13.39 0.08320 180.81
13.46 0.08470 180.80
13.46 0.08660 180.76
13.52 0.08740 180.76
13.61 0.08890 180.73
13.64 0.09040 180.73
13.67 0.09220 180.68
13.74 0.09340 180.68
13.78 0.09490 180.61
13.83 0.09600 180.61
13.88 0.09820 180.55
13.92 0.10050 180.50
13.97 0.10160 180.50
14.02 0.10390 180.45
14.07 0.10500 180.45
14.08 0.10720 180.40
14.12 0.10950 180.33
14.16 0.11100 180.33
14.21 0.11210 180.25
14.30 0.11480 180.25
14.30 0.11740 180.18
14.36 0.11850 180.18
14.42 0.12110 180.11
14.45 0.12380 180.02
14.49 0.12560 180.02
14.57 0.12710 179.95
14.62 0.13010 179.95
14.63 0.13240 179.89
14.72 0.13310 179.89
14.75 0.13570 179.79
14.78 0.13760 179.79
14.86 0.13910 179.69
14.90 0.14020 179.61
14.90 0.14140 179.61
14.99 0.14170 179.55
15.03 0.14210 179.55
15.05 0.14170 179.48
15.11 0.14140 179.48
15.14 0.14060 179.41
15.24 0.13950 179.34
15.23 0.13760 179.34
15.31 0.13610 179.24
15.38 0.13390 179.24
15.38 0.13200 179.20
15.46 0.13050 179.15
15.48 0.12790 179.15
15.57 0.12560 179.10
15.57 0.12380 179.10
15.64 0.12230 179.05
15.68 0.12000 179.05
15.74 0.11890 178.98
15.80 0.11700 178.98
15.83 0.11440 178.94
15.87 0.11210 178.94
15.92 0.11060 178.91
15.99 0.10950 178.91
16.02 0.10760 178.89
16.08 0.10650 178.89
16.09 0.10460 178.86
16.14 0.10270 178.84
16.18 0.10160 178.84
16.22 0.09970 178.81
16.30 0.09970 178.79
16.34 0.09790 178.79
16.39 0.09710 178.80
16.43 0.09710 178.80
16.50 0.09680 178.80
16.52 0.09600 178.80
16.55 0.09600 178.77
16.60 0.09560 178.77
16.68 0.09560 178.77
16.71 0.09600 178.77
16.74 0.09640 178.77
16.80 0.09640 178.77
16.87 0.09680 178.77
16.89 0.09750 178.77
16.95 0.09820 178.77
16.97 0.09900 178.83
17.03 0.09940 178.83
17.09 0.10050 178.84
17.13 0.10050 178.84
17.14 0.10240 178.85
17.20 0.10350 178.85
17.30 0.10500 178.84
17.33 0.10760 178.84
17.33 0.10690 178.84
17.39 0.10910 178.88
17.47 0.11100 178.88
17.51 0.11330 178.91
17.55 0.11480 178.91
17.59 0.11700 178.95
17.66 0.12000 178.98
17.69 0.12110 178.98
17.71 0.12340 179.00
17.76 0.12520 179.00
17.79 0.12790 179.04
17.89 0.12940 179.04
17.92 0.13160 179.08
17.94 0.13500 179.10
18.04 0.13760 179.10
18.05 0.14020 179.13
18.13 0.14290 179.13
18.14 0.14590 179.15
18.18 0.14890 179.18
18.21 0.15150 179.18
18.31 0.15380 179.20
18.35 0.15750 179.20
18.36 0.16050 179.23
18.42 0.16310 179.23
18.47 0.16720 179.27
18.52 0.17060 179.30
18.54 0.17440 179.30
18.62 0.17660 179.30
18.67 0.18110 179.30
18.72 0.18370 179.29
18.77 0.18750 179.29
18.78 0.19240 179.29
18.84 0.19570 179.29
18.91 0.20030 179.29
18.92 0.20320 179.29
18.98 0.20850 179.29
19.05 0.21110 179.26
19.08 0.21490 179.26
19.12 0.22090 179.25
19.17 0.22350 179.21
19.24 0.22800 179.21
19.26 0.23020 179.19
19.30 0.23400 179.19
19.34 0.23590 179.18
19.41 0.23890 179.18
19.47 0.24070 179.14
19.51 0.24220 179.13
19.53 0.24220 179.13
19.58 0.24260 179.13
19.61 0.24110 179.13
19.68 0.24000 179.13
19.70 0.23740 179.13
19.80 0.23480 179.11
19.85 0.23100 179.10
19.85 0.22610 179.10
19.94 0.22240 179.09
19.98 0.21710 179.09
20.04 0.21340 179.10
20.03 0.20890 179.08
20.12 0.20400 179.08
20.11 0.20060 179.06
20.20 0.19760 179.09
20.27 0.19240 179.09
20.27 0.18790 179.09
20.37 0.18450 179.09
20.39 0.18040 179.10
20.43 0.17740 179.10
20.46 0.17290 179.13
20.53 0.16990 179.14
20.58 0.16540 179.14
20.62 0.16160 179.18
20.67 0.15900 179.18
20.72 0.15560 179.20
20.79 0.15340 179.20
20.79 0.15110 179.24
20.88 0.14920 179.27
20.86 0.14740 179.27
20.95 0.14620 179.31
20.99 0.14470 179.31
21.05 0.14290 179.38
21.07 0.14210 179.38
21.14 0.14100 179.41
21.19 0.14140 179.46
21.23 0.14020 179.46
21.27 0.14020 179.51
21.31 0.14060 179.51
21.37 0.14100 179.58
21.41 0.14100 179.58
21.45 0.14210 179.60
21.48 0.14290 179.60
21.53 0.14470 179.65
21.61 0.14550 179.68
21.61 0.14700 179.68
21.67 0.14890 179.71
21.72 0.15070 179.71
21.77 0.15340 179.75
21.84 0.15490 179.75
21.84 0.15750 179.77
21.91 0.15970 179.77
21.95 0.16280 179.84
21.98 0.16460 179.84
22.07 0.16800 179.85
22.09 0.17170 179.85
22.18 0.17440 179.88
22.22 0.17890 179.89
22.24 0.18070 179.89
22.31 0.18410 179.90
22.33 0.18750 179.90
22.38 0.19160 179.88
22.41 0.19460 179.88
22.48 0.19950 179.85
22.55 0.20470 179.85
22.56 0.20810 179.85
22.58 0.21260 179.85
22.64 0.21600 179.83
22.70 0.22120 179.83
22.78 0.22430 179.81
22.80 0.23100 179.80
22.82 0.23620 179.80
22.88 0.24040 179.75
22.93 0.24560 179.75
22.97 0.25010 179.71
23.01 0.25580 179.71
23.05 0.26030 179.69
23.12 0.26630 179.69
23.19 0.27040 179.69
23.25 0.27640 179.69
23.26 0.28350 179.68
23.30 0.28840 179.68
23.37 0.29550 179.66
23.43 0.30110 179.65
23.42 0.30710 179.65
23.51 0.31130 179.65
23.58 0.31800 179.65
23.58 0.32590 179.63
23.65 0.33040 179.63
23.71 0.33790 179.60
23.74 0.34280 179.60
23.79 0.34870 179.60
23.83 0.35290 179.60
23.85 0.35930 179.59
23.92 0.36150 179.59
24.00 0.36680 179.59
24.01 0.37160 179.59
24.07 0.37350 179.58
24.09 0.37460 179.58
24.18 0.37460 179.59
24.18 0.37390 179.59
24.25 0.37200 179.60
24.32 0.36940 179.60
24.31 0.36490 179.59
24.38 0.35960 179.60
24.45 0.35360 179.60
24.49 0.34800 179.60
24.54 0.34130 179.60
24.59 0.33560 179.60
24.61 0.32850 179.60
24.66 0.32250 179.63
24.70 0.31500 179.65
24.75 0.30790 179.65
24.83 0.30230 179.65
24.85 0.29400 179.65
24.87 0.28880 179.66
24.94 0.28280 179.66
25.00 0.27710 179.66
25.06 0.26960 179.66
25.07 0.26140 179.65
25.15 0.25580 179.66
25.17 0.24940 179.66
25.21 0.24490 179.68
25.24 0.23850 179.68
25.31 0.23480 179.71
25.35 0.22990 179.71
25.40 0.22610 179.74
25.44 0.22160 179.74
25.52 0.21830 179.79
25.55 0.21560 179.84
25.58 0.21190 179.84
25.63 0.21000 179.90
25.65 0.20810 179.90
25.73 0.20660 179.95
25.81 0.20550 180.00
25.82 0.20440 180.00
25.85 0.20400 180.08
25.93 0.20320 180.08
25.94 0.20360 180.13
26.02 0.20400 180.13
26.06 0.20470 180.18
26.07 0.20620 180.20
26.15 0.20700 180.20
26.18 0.20850 180.24
26.22 0.21150 180.24
26.29 0.21300 180.27
26.33 0.21600 180.27
26.39 0.21790 180.30
26.41 0.22200 180.35
26.48 0.22350 180.35
26.54 0.22760 180.38
26.54 0.23140 180.38
26.63 0.23480 180.41
26.68 0.23960 180.41
26.72 0.24340 180.46
26.74 0.24790 180.46
26.80 0.25130 180.50
26.85 0.25760 180.50
26.90 0.26140 180.54
26.95 0.26850 180.56
26.98 0.27410 180.56
27.05 0.27860 180.60
27.07 0.28420 180.60
27.12 0.28910 180.61
27.17 0.29550 180.61
27.21 0.30070 180.61
27.29 0.30940 180.64
27.32 0.31610 180.64
27.36 0.32100 180.66
27.39 0.33000 180.66
27.46 0.33450 180.70
27.50 0.34430 180.70
27.54 0.34800 180.70
27.55 0.35590 180.69
27.60 0.36080 180.69
27.67 0.37050 180.70
27.74 0.38140 180.73
27.79 0.38700 180.73
27.81 0.39560 180.76
27.87 0.40160 180.76
27.90 0.41060 180.79
27.95 0.41660 180.79
27.99 0.42640 180.81
28.04 0.43650 180.81
28.13 0.44440 180.84
28.16 0.45560 180.89
28.22 0.46120 180.89
28.21 0.47030 180.91
28.30 0.47660 180.91
28.30 0.48600 180.95
28.35 0.49200 180.95
28.43 0.50140 180.98
28.48 0.51000 180.99
28.52 0.51380 180.99
28.56 0.51970 181.01
28.60 0.52280 181.01
28.64 0.52570 181.00
28.68 0.52760 181.00
28.74 0.52880 181.02
28.77 0.52800 181.02
28.85 0.52650 181.06
28.86 0.52310 181.06
28.92 0.51970 181.06
28.96 0.51380 181.06
29.02 0.50890 181.08
29.05 0.49990 181.08
29.13 0.49390 181.08
29.17 0.48560 181.09
29.19 0.47630 181.09
29.26 0.46910 181.15
29.29 0.46010 181.15
29.37 0.45300 181.15
29.37 0.44250 181.19
29.42 0.43610 181.19
29.51 0.42600 181.20
29.52 0.41630 181.20
29.62 0.40800 181.23
29.62 0.39710 181.23
29.66 0.38960 181.25
29.71 0.37910 181.25
29.77 0.37200 181.27
29.78 0.36300 181.27
29.84 0.35590 181.31
29.92 0.34690 181.31
29.97 0.33790 181.34
30.00 0.33220 181.36
30.04 0.32510 181.36
