0.01 0.04050 179.44
0.02 0.04090 179.43
0.03 0.04090 179.43
0.05 0.04090 179.46
0.01 0.04050 179.46
-0.00 0.04090 179.49
0.04 0.04090 179.49
0.05 0.04050 179.51
0.09 0.04050 179.51
0.11 0.04090 179.51
0.13 0.04130 179.51
0.20 0.04090 179.51
0.23 0.04050 179.50
0.30 0.04050 179.50
0.34 0.04090 179.50
0.39 0.04130 179.50
0.48 0.04050 179.50
0.61 0.04050 179.49
0.68 0.04130 179.50
0.77 0.04050 179.50
0.81 0.04090 179.51
0.94 0.04050 179.51
1.03 0.04050 179.50
1.12 0.04090 179.48
1.19 0.04090 179.48
1.30 0.04090 179.52
1.46 0.04090 179.52
1.55 0.04050 179.54
1.65 0.04130 179.58
1.69 0.04090 179.58
1.81 0.04050 179.60
1.87 0.04130 179.63
2.00 0.04050 179.63
2.10 0.04090 179.64
2.17 0.04090 179.64
2.26 0.04050 179.65
2.32 0.04130 179.63
2.41 0.04090 179.63
2.44 0.04090 179.61
2.54 0.04130 179.61
2.63 0.04090 179.60
2.68 0.04050 179.60
2.75 0.04090 179.61
2.83 0.04050 179.61
2.88 0.04090 179.61
2.92 0.04130 179.64
2.99 0.04050 179.64
3.07 0.04050 179.63
3.14 0.04090 179.63
3.25 0.04090 179.64
3.26 0.04050 179.64
3.31 0.04050 179.65
3.41 0.04130 179.66
3.45 0.04050 179.66
3.51 0.04050 179.66
3.58 0.04050 179.66
3.63 0.04090 179.66
3.67 0.04090 179.66
3.73 0.04090 179.70
3.81 0.04050 179.69
3.85 0.04090 179.69
3.88 0.04090 179.70
3.95 0.04090 179.70
3.98 0.04050 179.68
4.08 0.04130 179.68
4.10 0.04090 179.68
4.15 0.04130 179.70
4.21 0.04090 179.70
4.28 0.04050 179.71
4.33 0.04050 179.75
4.36 0.04090 179.75
4.40 0.04090 179.77
4.49 0.04090 179.77
4.53 0.04130 179.81
4.56 0.04050 179.81
4.63 0.04090 179.85
4.70 0.04130 179.86
4.72 0.04090 179.86
4.77 0.04090 179.89
4.81 0.04050 179.89
4.90 0.04050 179.93
4.97 0.04130 179.98
5.01 0.04050 179.98
5.03 0.04050 180.01
5.05 0.04130 180.04
5.12 0.04130 180.04
5.17 0.04050 180.10
5.21 0.04130 180.10
5.29 0.04130 180.15
5.30 0.04130 180.15
5.41 0.04090 180.20
5.45 0.04160 180.23
5.46 0.04050 180.23
5.51 0.04050 180.27
5.57 0.04050 180.27
5.58 0.04090 180.33
5.66 0.04090 180.33
5.71 0.04130 180.39
5.78 0.04160 180.43
5.82 0.04130 180.43
5.87 0.04130 180.46
5.89 0.04160 180.46
5.94 0.04160 180.50
5.98 0.04160 180.50
6.04 0.04130 180.51
6.11 0.04160 180.58
6.14 0.04160 180.58
6.19 0.04160 180.63
6.23 0.04240 180.65
6.30 0.04200 180.65
6.36 0.04160 180.69
6.35 0.04160 180.69
6.41 0.04160 180.70
6.46 0.04240 180.70
6.53 0.04200 180.70
6.59 0.04240 180.71
6.60 0.04240 180.71
6.67 0.04240 180.70
6.73 0.04280 180.70
6.76 0.04240 180.71
6.79 0.04280 180.70
6.88 0.04280 180.70
6.93 0.04240 180.68
6.97 0.04240 180.68
7.03 0.04240 180.66
7.05 0.04280 180.66
7.12 0.04280 180.66
7.14 0.04280 180.66
7.18 0.04280 180.65
7.27 0.04280 180.65
7.29 0.04280 180.65
7.34 0.04240 180.63
7.37 0.04240 180.63
7.42 0.04240 180.60
7.48 0.04310 180.60
7.50 0.04280 180.61
7.56 0.04280 180.61
7.60 0.04240 180.60
7.67 0.04310 180.64
7.69 0.04240 180.64
7.75 0.04200 180.61
7.78 0.04280 180.61
7.82 0.04240 180.60
7.86 0.04240 180.60
7.94 0.04240 180.60
8.02 0.04240 180.60
8.02 0.04200 180.59
8.07 0.04200 180.63
8.12 0.04240 180.63
8.16 0.04200 180.64
8.20 0.04240 180.64
8.24 0.04160 180.66
8.32 0.04240 180.70
8.37 0.04200 180.70
8.40 0.04200 180.73
8.43 0.04160 180.73
8.49 0.04240 180.71
8.53 0.04200 180.71
8.57 0.04200 180.74
8.60 0.04200 180.74
8.68 0.04160 180.75
8.72 0.04200 180.75
8.79 0.04200 180.76
8.86 0.04240 180.79
8.86 0.04200 180.79
8.94 0.04200 180.79
8.94 0.04200 180.79
9.03 0.04240 180.80
9.07 0.04200 180.80
9.09 0.04200 180.85
9.19 0.04240 180.85
9.17 0.04240 180.85
9.26 0.04240 180.85
9.30 0.04280 180.89
9.33 0.04280 180.89
9.35 0.04280 180.89
9.45 0.04280 180.90
9.49 0.04310 180.90
9.52 0.04310 180.89
9.56 0.04350 180.91
9.59 0.04350 180.91
9.68 0.04350 180.94
9.73 0.04390 180.94
9.76 0.04390 180.94
9.79 0.04460 180.95
9.86 0.04460 180.95
9.90 0.04500 180.95
9.94 0.04460 180.95
10.00 0.04500 180.95
10.02 0.04540 180.95
10.09 0.04610 180.95
10.10 0.04610 180.98
10.19 0.04650 180.98
10.26 0.04730 181.00
10.26 0.04730 181.00
10.33 0.04800 180.99
10.35 0.04760 181.00
10.41 0.04840 181.00
10.47 0.04840 180.99
10.50 0.04870 180.99
10.55 0.04910 180.99
10.58 0.04950 180.99
10.68 0.05030 181.00
10.68 0.05060 180.98
10.75 0.05030 180.98
10.79 0.05060 180.95
10.81 0.05060 180.95
10.89 0.05030 180.91
10.94 0.05060 180.86
11.01 0.05100 180.86
11.03 0.05060 180.85
11.10 0.05060 180.85
11.10 0.05060 180.88
11.18 0.05060 180.83
11.19 0.05030 180.83
11.24 0.04990 180.83
11.27 0.05030 180.83
11.35 0.04950 180.81
11.40 0.04950 180.81
11.45 0.04950 180.80
11.47 0.04950 180.80
11.50 0.04910 180.80
11.58 0.04870 180.76
11.60 0.04840 180.76
11.68 0.04840 180.74
11.70 0.04800 180.74
11.76 0.04760 180.73
11.84 0.04800 180.70
11.84 0.04730 180.70
11.89 0.04730 180.69
11.93 0.04650 180.69
11.97 0.04610 180.65
12.03 0.04610 180.65
12.07 0.04610 180.61
12.14 0.04570 180.61
12.16 0.04570 180.60
12.24 0.04540 180.60
12.25 0.04500 180.58
12.31 0.04500 180.58
12.35 0.04460 180.56
12.41 0.04460 180.54
12.46 0.04430 180.54
12.51 0.04430 180.54
12.54 0.04390 180.54
12.57 0.04390 180.56
12.66 0.04390 180.56
12.69 0.04350 180.54
12.72 0.04310 180.50
12.79 0.04350 180.50
12.80 0.04310 180.51
12.90 0.04310 180.51
12.93 0.04310 180.46
12.98 0.04310 180.46
13.04 0.04280 180.45
13.08 0.04280 180.45
13.11 0.04310 180.46
13.13 0.04310 180.45
13.24 0.04280 180.45
13.23 0.04280 180.44
13.32 0.04310 180.44
13.36 0.04310 180.45
13.41 0.04310 180.45
13.43 0.04310 180.45
13.50 0.04310 180.45
13.55 0.04390 180.44
13.57 0.04390 180.44
13.66 0.04350 180.44
13.67 0.04460 180.45
13.74 0.04430 180.45
13.74 0.04500 180.48
13.78 0.04540 180.48
13.84 0.04540 180.48
13.91 0.04610 180.44
13.96 0.04650 180.44
14.00 0.04730 180.43
14.04 0.04760 180.43
14.11 0.04800 180.43
14.13 0.04840 180.41
14.19 0.04910 180.41
14.21 0.04990 180.41
14.24 0.05060 180.41
14.30 0.05100 180.43
14.35 0.05180 180.43
14.44 0.05250 180.44
14.48 0.05400 180.40
14.51 0.05470 180.40
14.57 0.05550 180.40
14.61 0.05660 180.40
14.67 0.05700 180.38
14.73 0.05850 180.33
14.74 0.05960 180.33
14.80 0.06080 180.29
14.84 0.06190 180.29
14.87 0.06260 180.27
14.93 0.06410 180.24
14.99 0.06450 180.24
15.03 0.06520 180.19
15.04 0.06640 180.19
15.10 0.06710 180.16
15.16 0.06790 180.16
15.21 0.06830 180.13
15.27 0.06860 180.13
15.30 0.06900 180.09
15.31 0.06940 180.05
15.42 0.06860 180.05
15.45 0.06900 180.00
15.49 0.06830 180.00
15.57 0.06790 179.99
15.56 0.06670 179.99
15.63 0.06750 179.93
15.67 0.06640 179.93
15.71 0.06600 179.88
15.78 0.06490 179.88
15.83 0.06410 179.88
15.85 0.06340 179.81
15.93 0.06230 179.81
15.98 0.06150 179.77
15.99 0.06080 179.77
16.07 0.05960 179.74
16.08 0.05850 179.74
16.15 0.05780 179.71
16.22 0.05700 179.73
16.25 0.05620 179.73
16.28 0.05550 179.69
16.32 0.05400 179.69
16.35 0.05400 179.65
16.39 0.05360 179.63
16.46 0.05290 179.63
16.53 0.05180 179.61
16.58 0.05140 179.59
16.60 0.04990 179.59
16.65 0.04950 179.56
16.69 0.04910 179.56
16.72 0.04910 179.52
16.80 0.04800 179.52
16.80 0.04760 179.52
16.86 0.04760 179.52
16.94 0.04690 179.51
16.97 0.04650 179.51
17.01 0.04610 179.51
17.05 0.04570 179.52
17.11 0.04540 179.52
17.13 0.04500 179.54
17.23 0.04460 179.54
17.26 0.04460 179.56
17.30 0.04460 179.56
17.33 0.04430 179.59
17.38 0.04390 179.56
17.43 0.04430 179.56
17.45 0.04350 179.58
17.52 0.04430 179.58
17.56 0.04430 179.56
17.61 0.04350 179.56
17.69 0.04390 179.55
17.70 0.04430 179.55
17.75 0.04460 179.59
17.79 0.04460 179.59
17.85 0.04500 179.54
17.91 0.04540 179.54
17.94 0.04540 179.54
17.98 0.04570 179.52
18.04 0.04610 179.52
18.11 0.04690 179.52
18.12 0.04730 179.52
18.21 0.04760 179.50
18.22 0.04870 179.48
18.27 0.04950 179.48
18.29 0.05030 179.48
18.34 0.05100 179.48
18.43 0.05180 179.48
18.46 0.05290 179.48
18.54 0.05360 179.45
18.53 0.05510 179.45
18.62 0.05590 179.45
18.64 0.05780 179.41
18.67 0.05850 179.41
18.74 0.06040 179.39
18.79 0.06110 179.39
18.83 0.06300 179.35
18.87 0.06520 179.34
18.96 0.06600 179.34
18.95 0.06860 179.30
19.05 0.06980 179.30
19.03 0.07200 179.27
19.12 0.07390 179.25
19.16 0.07610 179.25
19.19 0.07840 179.25
19.29 0.08030 179.25
19.32 0.08250 179.24
19.34 0.08470 179.23
19.37 0.08660 179.23
19.47 0.08810 179.23
19.48 0.09000 179.23
19.55 0.09150 179.26
19.58 0.09450 179.30
19.65 0.09600 179.30
19.68 0.09710 179.31
19.70 0.09860 179.31
19.75 0.09940 179.35
19.78 0.10010 179.35
19.85 0.10010 179.38
19.91 0.10050 179.38
19.93 0.09970 179.41
20.03 0.09940 179.43
20.04 0.09820 179.43
20.07 0.09750 179.45
20.14 0.09560 179.45
20.17 0.09490 179.46
20.23 0.09260 179.50
20.26 0.09110 179.50
20.31 0.08930 179.51
20.38 0.08630 179.51
20.43 0.08510 179.58
20.46 0.08250 179.61
20.50 0.08060 179.61
20.52 0.07880 179.66
20.58 0.07730 179.66
20.65 0.07500 179.70
20.71 0.07200 179.70
20.74 0.07050 179.74
20.76 0.06860 179.77
20.82 0.06710 179.77
20.90 0.06450 179.80
20.94 0.06450 179.80
20.97 0.06150 179.79
21.01 0.06110 179.79
21.10 0.05850 179.85
21.09 0.05780 179.85
21.18 0.05620 179.85
21.18 0.05510 179.86
21.26 0.05440 179.86
21.29 0.05290 179.88
21.38 0.05250 179.88
21.43 0.05030 179.90
21.43 0.05060 179.94
21.49 0.05030 179.94
21.51 0.04870 179.96
21.57 0.04840 179.96
21.63 0.04760 180.01
21.69 0.04730 180.01
21.69 0.04690 180.05
21.74 0.04690 180.06
21.84 0.04570 180.06
21.86 0.04540 180.10
21.94 0.04500 180.10
21.94 0.04540 180.15
22.03 0.04500 180.15
22.06 0.04460 180.15
22.07 0.04540 180.15
22.17 0.04460 180.18
22.18 0.04540 180.19
22.23 0.04540 180.19
22.25 0.04570 180.20
22.35 0.04570 180.21
22.36 0.04650 180.21
22.42 0.04650 180.20
22.44 0.04760 180.20
22.53 0.04760 180.23
22.57 0.04910 180.23
22.61 0.04950 180.26
22.66 0.05060 180.25
22.69 0.05140 180.25
22.73 0.05250 180.25
22.77 0.05400 180.25
22.83 0.05470 180.25
22.87 0.05660 180.25
22.93 0.05810 180.26
22.96 0.05960 180.26
23.00 0.06150 180.26
23.10 0.06260 180.26
23.10 0.06520 180.26
23.15 0.06670 180.26
23.19 0.06940 180.25
23.27 0.07200 180.23
23.34 0.07350 180.23
23.35 0.07690 180.20
23.38 0.07910 180.20
23.42 0.08210 180.16
23.48 0.08440 180.16
23.51 0.08780 180.11
23.57 0.09040 180.11
23.62 0.09380 180.08
23.68 0.09790 180.08
23.71 0.10050 180.04
23.77 0.10500 180.01
23.84 0.10720 180.01
23.83 0.11140 179.99
23.90 0.11360 179.99
23.92 0.11770 179.96
23.98 0.12040 179.96
24.04 0.12410 179.94
24.11 0.12820 179.91
24.15 0.13010 179.91
24.20 0.13270 179.86
24.25 0.13420 179.86
24.24 0.13570 179.84
24.32 0.13840 179.84
24.37 0.13990 179.81
24.43 0.13990 179.81
24.44 0.14060 179.79
24.48 0.14060 179.77
24.53 0.13950 179.77
24.60 0.13800 179.76
24.67 0.13650 179.76
24.71 0.13420 179.75
24.73 0.13270 179.75
24.81 0.12970 179.74
24.83 0.12640 179.74
24.89 0.12300 179.73
24.91 0.12040 179.74
24.97 0.11660 179.74
25.01 0.11330 179.75
25.06 0.11060 179.75
25.10 0.10610 179.79
25.16 0.10270 179.80
25.19 0.09940 179.80
25.24 0.09600 179.80
25.28 0.09340 179.80
25.35 0.08930 179.84
25.39 0.08700 179.84
25.42 0.08320 179.85
25.47 0.08100 179.88
25.55 0.07760 179.88
25.57 0.07420 179.89
25.60 0.07280 179.89
25.65 0.06980 179.93
25.74 0.06750 179.93
25.74 0.06520 179.98
25.78 0.06410 180.04
25.84 0.06190 180.04
25.92 0.05960 180.05
25.93 0.05850 180.05
25.98 0.05700 180.09
26.04 0.05550 180.09
26.08 0.05440 180.13
26.14 0.05360 180.14
26.17 0.05210 180.14
26.22 0.05180 180.16
26.28 0.05060 180.16
26.33 0.04950 180.20
26.34 0.04910 180.20
26.41 0.04840 180.21
26.48 0.04800 180.24
26.50 0.04760 180.24
26.53 0.04760 180.24
26.63 0.04690 180.24
26.66 0.04690 180.26
26.69 0.04690 180.26
26.71 0.04730 180.29
26.80 0.04760 180.34
26.82 0.04760 180.34
26.86 0.04840 180.36
26.92 0.04870 180.36
26.98 0.04870 180.38
27.02 0.04990 180.38
27.07 0.05100 180.39
27.13 0.05250 180.41
27.17 0.05320 180.41
27.20 0.05440 180.45
27.22 0.05620 180.45
27.27 0.05740 180.46
27.37 0.05890 180.46
27.41 0.06110 180.46
27.46 0.06340 180.48
27.50 0.06520 180.48
27.50 0.06710 180.50
27.59 0.07010 180.50
27.60 0.07200 180.51
27.62 0.07500 180.51
27.68 0.07730 180.54
27.74 0.08060 180.54
27.78 0.08440 180.56
27.84 0.08740 180.56
27.89 0.09110 180.59
27.96 0.09410 180.59
27.95 0.09900 180.58
28.03 0.10240 180.60
28.12 0.10690 180.60
28.10 0.11210 180.61
28.15 0.11510 180.61
28.19 0.12040 180.63
28.25 0.12410 180.63
28.33 0.12970 180.64
28.38 0.13420 180.66
28.37 0.13910 180.66
28.46 0.14320 180.65
28.52 0.14850 180.65
28.54 0.15450 180.66
28.58 0.15860 180.66
28.61 0.16350 180.69
28.65 0.16720 180.69
28.71 0.17210 180.71
28.76 0.17590 180.73
28.85 0.17920 180.73
28.86 0.18260 180.71
28.89 0.18450 180.71
28.96 0.18640 180.71
29.01 0.18750 180.71
29.02 0.18820 180.73
29.09 0.18820 180.71
29.11 0.18750 180.71
29.18 0.18600 180.73
29.24 0.18490 180.73
29.26 0.18220 180.71
29.34 0.17960 180.71
29.34 0.17550 180.71
29.44 0.17290 180.73
29.47 0.16840 180.73
29.49 0.16540 180.68
29.55 0.16050 180.68
29.63 0.15490 180.69
29.64 0.15070 180.69
29.69 0.14550 180.69
29.74 0.14170 180.69
29.76 0.13690 180.69
29.81 0.13240 180.68
29.85 0.12680 180.68
29.92 0.12260 180.70
29.97 0.11700 180.71
30.00 0.11180 180.71
30.04 0.10800 180.74
