0.07 0.04090 188.66
0.04 0.04090 188.66
0.04 0.04160 188.69
0.05 0.04160 188.73
0.07 0.04090 188.73
0.05 0.04130 188.74
0.08 0.04090 188.74
0.07 0.04130 188.74
0.07 0.04130 188.74
0.12 0.04090 188.73
0.19 0.04130 188.73
0.20 0.04090 188.74
0.28 0.04160 188.76
0.35 0.04090 188.76
0.41 0.04090 188.76
0.44 0.04130 188.76
0.51 0.04130 188.76
0.62 0.04090 188.76
0.69 0.04130 188.76
0.80 0.04200 188.76
0.89 0.04130 188.76
0.98 0.04130 188.79
1.05 0.04130 188.79
1.17 0.04130 188.75
1.22 0.04090 188.75
1.33 0.04090 188.77
1.49 0.04050 188.77
1.55 0.04130 188.76
1.66 0.04130 188.75
1.77 0.04130 188.75
1.85 0.04050 188.74
1.95 0.04090 188.74
2.04 0.04090 188.71
2.13 0.04090 188.71
2.18 0.04160 188.69
2.27 0.04130 188.69
2.38 0.04130 188.73
2.44 0.04090 188.73
2.50 0.04090 188.71
2.57 0.04160 188.69
2.64 0.04130 188.69
2.70 0.04090 188.66
2.81 0.04090 188.66
2.86 0.04130 188.65
2.92 0.04130 188.68
3.01 0.04090 188.68
3.06 0.04050 188.69
3.12 0.04130 188.69
3.16 0.04130 188.69
3.26 0.04130 188.69
3.29 0.04130 188.68
3.38 0.04130 188.69
3.43 0.04160 188.69
3.50 0.04130 188.71
3.53 0.04130 188.71
3.57 0.04130 188.74
3.65 0.04090 188.74
3.70 0.04130 188.76
3.76 0.04130 188.77
3.83 0.04090 188.77
3.89 0.04130 188.80
3.95 0.04160 188.81
3.99 0.04130 188.81
4.01 0.04130 188.81
4.07 0.04130 188.83
4.15 0.04130 188.83
4.19 0.04130 188.88
4.28 0.04090 188.88
4.32 0.04050 188.93
4.34 0.04160 188.95
4.39 0.04130 188.95
4.46 0.04050 189.00
4.48 0.04090 189.00
4.58 0.04090 189.04
4.60 0.04090 189.04
4.65 0.04130 189.09
4.73 0.04130 189.09
4.76 0.04090 189.14
4.80 0.04160 189.18
4.84 0.04130 189.18
4.89 0.04130 189.18
4.95 0.04160 189.18
5.03 0.04090 189.23
5.08 0.04090 189.23
5.11 0.04090 189.27
5.19 0.04090 189.27
5.22 0.04130 189.31
5.25 0.04090 189.31
5.31 0.04130 189.34
5.35 0.04130 189.34
5.39 0.04130 189.34
5.44 0.04200 189.33
5.51 0.04090 189.33
5.53 0.04160 189.36
5.57 0.04160 189.36
5.62 0.04130 189.34
5.70 0.04200 189.34
5.76 0.04160 189.34
5.80 0.04160 189.35
5.83 0.04160 189.35
5.88 0.04160 189.36
5.96 0.04200 189.36
5.97 0.04130 189.36
6.01 0.04130 189.36
6.06 0.04160 189.36
6.11 0.04160 189.36
6.19 0.04160 189.36
6.23 0.04160 189.35
6.27 0.04160 189.35
6.31 0.04200 189.33
6.36 0.04200 189.33
6.42 0.04160 189.33
6.44 0.04200 189.33
6.53 0.04200 189.30
6.54 0.04280 189.30
6.59 0.04240 189.30
6.66 0.04240 189.30
6.71 0.04240 189.30
6.71 0.04280 189.30
6.81 0.04240 189.30
6.80 0.04280 189.31
6.85 0.04310 189.31
6.93 0.04280 189.31
6.96 0.04240 189.31
7.04 0.04240 189.31
7.04 0.04280 189.33
7.10 0.04240 189.33
7.13 0.04240 189.35
7.20 0.04280 189.36
7.26 0.04280 189.36
7.29 0.04280 189.39
7.33 0.04280 189.39
7.37 0.04280 189.40
7.43 0.04280 189.40
7.50 0.04280 189.43
7.55 0.04280 189.43
7.55 0.04280 189.45
7.60 0.04280 189.46
7.67 0.04240 189.46
7.71 0.04240 189.48
7.76 0.04310 189.48
7.80 0.04280 189.50
7.86 0.04310 189.50
7.88 0.04200 189.52
7.97 0.04280 189.56
7.99 0.04280 189.56
8.07 0.04280 189.58
8.08 0.04280 189.58
8.13 0.04280 189.63
8.19 0.04280 189.65
8.22 0.04240 189.65
8.27 0.04200 189.69
8.31 0.04240 189.69
8.35 0.04240 189.68
8.42 0.04160 189.68
8.49 0.04240 189.68
8.54 0.04280 189.68
8.55 0.04200 189.70
8.59 0.04240 189.70
8.67 0.04240 189.71
8.69 0.04240 189.71
8.77 0.04240 189.73
8.77 0.04240 189.73
8.87 0.04200 189.75
8.88 0.04200 189.75
8.94 0.04240 189.74
8.97 0.04280 189.79
9.05 0.04240 189.79
9.06 0.04240 189.84
9.14 0.04240 189.84
9.17 0.04200 189.86
9.22 0.04200 189.86
9.27 0.04240 189.89
9.32 0.04240 189.89
9.33 0.04240 189.90
9.41 0.04280 189.90
9.44 0.04240 189.93
9.49 0.04240 189.93
9.56 0.04240 189.93
9.59 0.04310 189.91
9.62 0.04280 189.91
9.68 0.04310 189.93
9.72 0.04280 189.93
9.76 0.04280 189.93
9.80 0.04280 189.93
9.84 0.04350 189.93
9.94 0.04350 189.91
9.96 0.04350 189.91
10.00 0.04350 189.93
10.07 0.04390 189.93
10.11 0.04390 189.95
10.13 0.04430 189.96
10.18 0.04460 189.96
10.26 0.04460 189.96
10.29 0.04500 189.96
10.35 0.04500 189.96
10.37 0.04500 189.96
10.40 0.04540 189.98
10.47 0.04570 189.98
10.51 0.04570 189.98
10.56 0.04690 190.00
10.60 0.04650 190.00
10.66 0.04650 189.96
10.68 0.04650 189.96
10.76 0.04690 189.95
10.76 0.04690 189.95
10.85 0.04730 189.98
10.86 0.04730 189.98
10.92 0.04760 189.96
11.02 0.04840 189.96
11.02 0.04760 189.96
11.08 0.04760 189.96
11.13 0.04840 189.96
11.18 0.04800 189.94
11.22 0.04840 189.94
11.27 0.04840 189.95
11.28 0.04840 189.96
11.33 0.04800 189.96
11.41 0.04800 190.00
11.44 0.04760 190.00
11.52 0.04800 190.00
11.53 0.04760 190.00
11.59 0.04730 190.00
11.61 0.04730 190.01
11.66 0.04760 190.01
11.71 0.04730 190.04
11.79 0.04760 190.04
11.84 0.04730 190.02
11.86 0.04650 190.02
11.93 0.04690 190.02
11.99 0.04690 190.02
12.03 0.04650 190.05
12.05 0.04610 190.05
12.10 0.04610 190.05
12.19 0.04650 190.04
12.22 0.04610 190.04
12.26 0.04570 190.06
12.30 0.04540 190.06
12.36 0.04540 190.06
12.36 0.04540 190.06
12.46 0.04540 190.08
12.48 0.04500 190.08
12.51 0.04460 190.05
12.58 0.04460 190.05
12.65 0.04500 190.05
12.66 0.04430 190.06
12.70 0.04430 190.06
12.77 0.04430 190.06
12.81 0.04430 190.09
12.86 0.04390 190.09
12.91 0.04390 190.08
12.97 0.04390 190.08
12.99 0.04350 190.06
13.02 0.04350 190.06
13.08 0.04350 190.05
13.13 0.04350 190.05
13.19 0.04350 190.05
13.23 0.04310 190.05
13.26 0.04310 190.09
13.33 0.04350 190.08
13.38 0.04350 190.08
13.44 0.04310 190.09
13.43 0.04310 190.09
13.52 0.04310 190.13
13.56 0.04390 190.15
13.58 0.04310 190.15
13.68 0.04350 190.15
13.67 0.04350 190.15
13.73 0.04350 190.19
13.80 0.04460 190.23
13.86 0.04430 190.23
13.90 0.04430 190.23
13.95 0.04460 190.23
13.97 0.04430 190.26
14.02 0.04500 190.26
14.08 0.04500 190.27
14.11 0.04540 190.27
14.16 0.04570 190.30
14.22 0.04650 190.31
14.28 0.04610 190.31
14.31 0.04690 190.34
14.37 0.04730 190.34
14.41 0.04800 190.34
14.43 0.04760 190.34
14.47 0.04800 190.35
14.51 0.04910 190.35
14.58 0.04950 190.39
14.62 0.05030 190.39
14.68 0.05100 190.41
14.72 0.05180 190.44
14.77 0.05210 190.44
14.84 0.05290 190.45
14.88 0.05360 190.45
14.90 0.05360 190.46
14.92 0.05470 190.46
15.01 0.05550 190.49
15.04 0.05620 190.49
15.08 0.05620 190.46
15.13 0.05700 190.46
15.16 0.05780 190.45
15.25 0.05850 190.45
15.26 0.05850 190.43
15.33 0.05890 190.41
15.36 0.05920 190.41
15.42 0.05960 190.40
15.48 0.05960 190.40
15.51 0.06000 190.38
15.55 0.05960 190.39
15.58 0.05960 190.39
15.63 0.05920 190.40
15.70 0.05920 190.40
15.73 0.05920 190.40
15.76 0.05890 190.40
15.81 0.05850 190.40
15.92 0.05810 190.43
15.91 0.05740 190.43
15.99 0.05700 190.41
16.00 0.05700 190.41
16.05 0.05620 190.44
16.12 0.05660 190.46
16.14 0.05550 190.46
16.24 0.05510 190.48
16.28 0.05440 190.48
16.31 0.05400 190.48
16.36 0.05290 190.48
16.40 0.05320 190.45
16.42 0.05210 190.46
16.48 0.05140 190.46
16.52 0.05140 190.45
16.60 0.05100 190.45
16.66 0.05060 190.45
16.67 0.04950 190.45
16.72 0.04950 190.48
16.76 0.04910 190.49
16.82 0.04840 190.49
16.83 0.04840 190.50
16.90 0.04840 190.50
16.97 0.04800 190.54
17.02 0.04730 190.54
17.05 0.04690 190.55
17.07 0.04650 190.59
17.16 0.04650 190.59
17.16 0.04570 190.60
17.24 0.04540 190.60
17.24 0.04570 190.58
17.30 0.04500 190.58
17.36 0.04500 190.56
17.41 0.04460 190.55
17.45 0.04460 190.55
17.49 0.04460 190.55
17.54 0.04460 190.55
17.57 0.04430 190.56
17.67 0.04430 190.56
17.71 0.04430 190.56
17.75 0.04390 190.55
17.79 0.04430 190.55
17.85 0.04430 190.55
17.89 0.04460 190.56
17.90 0.04430 190.56
17.98 0.04390 190.59
17.99 0.04460 190.59
18.05 0.04460 190.58
18.11 0.04500 190.58
18.14 0.04540 190.56
18.23 0.04540 190.56
18.27 0.04570 190.58
18.30 0.04610 190.55
18.33 0.04650 190.55
18.41 0.04650 190.56
18.46 0.04760 190.56
18.50 0.04800 190.58
18.52 0.04870 190.58
18.57 0.04990 190.58
18.61 0.05030 190.58
18.64 0.05060 190.58
18.72 0.05140 190.55
18.77 0.05210 190.55
18.81 0.05290 190.55
18.86 0.05400 190.58
18.91 0.05470 190.58
18.97 0.05620 190.60
18.98 0.05740 190.60
19.04 0.05850 190.59
19.10 0.05960 190.59
19.12 0.06040 190.59
19.21 0.06230 190.60
19.22 0.06260 190.60
19.28 0.06410 190.61
19.32 0.06640 190.61
19.39 0.06670 190.63
19.42 0.06940 190.65
19.48 0.07010 190.65
19.52 0.07130 190.68
19.56 0.07240 190.68
19.59 0.07350 190.70
19.64 0.07540 190.70
19.68 0.07610 190.74
19.75 0.07730 190.77
19.78 0.07800 190.77
19.82 0.07840 190.79
19.87 0.07910 190.79
19.91 0.07950 190.84
19.96 0.07950 190.84
20.04 0.07910 190.84
20.09 0.07910 190.85
20.10 0.07910 190.85
20.16 0.07800 190.88
20.23 0.07730 190.88
20.25 0.07730 190.90
20.28 0.07650 190.94
20.37 0.07500 190.94
20.39 0.07390 190.98
20.47 0.07240 190.98
20.48 0.07200 191.01
20.52 0.07090 191.05
20.55 0.06900 191.05
20.60 0.06830 191.10
20.69 0.06670 191.10
20.70 0.06560 191.14
20.79 0.06410 191.14
20.79 0.06300 191.16
20.84 0.06230 191.19
20.87 0.06110 191.19
20.96 0.06000 191.23
20.97 0.05810 191.23
21.05 0.05780 191.25
21.11 0.05660 191.25
21.11 0.05590 191.27
21.16 0.05510 191.29
21.20 0.05320 191.29
21.28 0.05290 191.31
21.33 0.05250 191.31
21.39 0.05140 191.34
21.44 0.05030 191.34
21.44 0.05030 191.36
21.54 0.04950 191.36
21.55 0.04910 191.36
21.62 0.04840 191.36
21.64 0.04840 191.38
21.71 0.04730 191.38
21.75 0.04690 191.38
21.77 0.04730 191.35
21.86 0.04650 191.35
21.86 0.04610 191.34
21.91 0.04570 191.34
21.99 0.04540 191.35
22.03 0.04540 191.35
22.03 0.04540 191.30
22.10 0.04540 191.30
22.18 0.04500 191.29
22.20 0.04500 191.27
22.27 0.04500 191.27
22.30 0.04460 191.27
22.32 0.04540 191.27
22.40 0.04500 191.26
22.46 0.04540 191.26
22.46 0.04540 191.25
22.51 0.04610 191.26
22.58 0.04650 191.26
22.62 0.04610 191.24
22.65 0.04760 191.24
22.70 0.04760 191.21
22.74 0.04800 191.21
22.81 0.04870 191.19
22.85 0.04910 191.19
22.88 0.04990 191.16
22.92 0.05210 191.14
22.98 0.05250 191.14
23.01 0.05320 191.10
23.07 0.05400 191.10
23.14 0.05550 191.06
23.16 0.05660 191.06
23.20 0.05810 191.02
23.26 0.05890 191.02
23.31 0.06110 191.00
23.34 0.06300 191.00
23.40 0.06450 191.00
23.45 0.06670 190.99
23.48 0.06750 190.99
23.53 0.06940 190.98
23.61 0.07160 190.98
23.63 0.07350 190.94
23.71 0.07690 190.96
23.74 0.07800 190.96
23.77 0.08060 190.94
23.84 0.08210 190.94
23.87 0.08440 190.90
23.93 0.08660 190.90
23.97 0.08930 190.89
24.01 0.09110 190.88
24.06 0.09340 190.88
24.12 0.09600 190.85
24.15 0.09750 190.85
24.21 0.09970 190.80
24.26 0.10130 190.80
24.26 0.10270 190.77
24.34 0.10390 190.76
24.40 0.10500 190.76
24.43 0.10540 190.74
24.50 0.10580 190.74
24.50 0.10610 190.75
24.58 0.10580 190.75
24.60 0.10500 190.75
24.66 0.10460 190.74
24.69 0.10350 190.74
24.77 0.10200 190.74
24.81 0.10090 190.74
24.86 0.09860 190.74
24.91 0.09710 190.74
24.93 0.09490 190.73
24.96 0.09340 190.71
25.03 0.09040 190.71
25.07 0.08890 190.71
25.13 0.08630 190.71
25.15 0.08400 190.68
25.23 0.08250 190.68
25.28 0.07990 190.66
25.31 0.07800 190.61
25.33 0.07540 190.61
25.38 0.07390 190.59
25.45 0.07160 190.59
25.47 0.07010 190.56
25.56 0.06790 190.56
25.59 0.06600 190.55
25.63 0.06410 190.55
25.69 0.06230 190.51
25.72 0.06150 190.48
25.75 0.06000 190.48
25.83 0.05850 190.44
25.87 0.05740 190.44
25.91 0.05550 190.44
25.96 0.05510 190.44
26.00 0.05360 190.43
26.05 0.05250 190.43
26.09 0.05210 190.41
26.13 0.05140 190.38
26.18 0.05030 190.38
26.24 0.04990 190.36
26.27 0.04870 190.36
26.34 0.04840 190.36
26.40 0.04800 190.36
26.43 0.04730 190.35
26.46 0.04690 190.35
26.51 0.04690 190.35
26.58 0.04610 190.34
26.61 0.04650 190.34
26.66 0.04570 190.33
26.68 0.04610 190.33
26.72 0.04610 190.34
26.80 0.04650 190.36
26.83 0.04650 190.36
26.86 0.04610 190.36
26.90 0.04690 190.36
26.95 0.04730 190.38
27.05 0.04690 190.38
27.08 0.04760 190.38
27.13 0.04840 190.38
27.17 0.04950 190.39
27.22 0.04990 190.39
27.26 0.05100 190.38
27.31 0.05060 190.38
27.35 0.05290 190.39
27.37 0.05470 190.41
27.43 0.05510 190.41
27.45 0.05620 190.44
27.55 0.05740 190.44
27.56 0.05960 190.44
27.61 0.06110 190.44
27.67 0.06300 190.43
27.70 0.06410 190.43
27.75 0.06670 190.41
27.83 0.06980 190.43
27.86 0.07160 190.43
27.87 0.07350 190.44
27.95 0.07570 190.44
27.96 0.07840 190.46
28.03 0.08030 190.46
28.08 0.08400 190.48
28.13 0.08780 190.48
28.21 0.09040 190.51
28.20 0.09490 190.52
28.29 0.09680 190.52
28.29 0.10050 190.54
28.38 0.10240 190.54
28.39 0.10650 190.55
28.45 0.11030 190.56
28.49 0.11290 190.56
28.53 0.11700 190.55
28.60 0.11960 190.55
28.64 0.12300 190.55
28.67 0.12520 190.55
28.72 0.12860 190.55
28.80 0.13050 190.55
28.82 0.13390 190.55
28.86 0.13610 190.52
28.91 0.13690 190.52
28.96 0.13800 190.50
29.03 0.13880 190.50
29.04 0.13910 190.46
29.08 0.13880 190.46
29.14 0.13840 190.41
29.22 0.13760 190.39
29.23 0.13570 190.39
29.31 0.13350 190.33
29.32 0.13160 190.33
29.40 0.12900 190.33
29.43 0.12710 190.33
29.49 0.12380 190.30
29.51 0.12190 190.24
29.57 0.11770 190.24
29.64 0.11400 190.18
29.68 0.11140 190.18
29.71 0.10800 190.14
29.75 0.10500 190.14
29.80 0.10160 190.06
29.83 0.09860 190.06
29.86 0.09490 190.06
29.95 0.09220 190.06
30.02 0.08890 190.02
30.02 0.08510 190.02
