-0.16 0.04650 40.04
-0.16 0.04650 40.04
-0.16 0.04650 40.04
-0.16 0.04650 40.04
-0.16 0.04610 40.08
-0.15 0.04650 40.09
-0.15 0.04610 40.09
-0.13 0.04610 40.10
-0.11 0.04650 40.10
-0.07 0.04610 40.09
-0.01 0.04690 40.10
0.03 0.04650 40.10
0.10 0.04650 40.10
0.14 0.04650 40.14
0.22 0.04610 40.14
0.29 0.04610 40.14
0.38 0.04610 40.14
0.50 0.04610 40.14
0.56 0.04540 40.13
0.67 0.04570 40.11
0.74 0.04540 40.11
0.87 0.04610 40.14
0.95 0.04540 40.14
1.08 0.04570 40.14
1.16 0.04610 40.19
1.29 0.04610 40.20
1.42 0.04610 40.20
1.51 0.04570 40.21
1.62 0.04570 40.24
1.69 0.04540 40.24
1.81 0.04570 40.24
1.88 0.04610 40.24
1.98 0.04540 40.24
2.09 0.04570 40.24
2.17 0.04570 40.24
2.26 0.04610 40.24
2.32 0.04610 40.22
2.42 0.04610 40.22
2.47 0.04610 40.22
2.55 0.04570 40.22
2.61 0.04570 40.22
2.70 0.04610 40.21
2.79 0.04610 40.21
2.85 0.04610 40.21
2.93 0.04650 40.18
2.97 0.04500 40.18
3.06 0.04570 40.16
3.11 0.04690 40.15
3.19 0.04610 40.15
3.26 0.04650 40.14
3.31 0.04690 40.16
3.38 0.04650 40.16
3.43 0.04650 40.15
3.51 0.04650 40.15
3.54 0.04570 40.16
3.61 0.04570 40.16
3.67 0.04610 40.16
3.73 0.04650 40.16
3.81 0.04650 40.16
3.86 0.04610 40.16
3.92 0.04650 40.18
3.97 0.04650 40.18
4.02 0.04540 40.16
4.08 0.04610 40.16
4.14 0.04690 40.16
4.22 0.04650 40.16
4.26 0.04730 40.16
4.32 0.04650 40.16
4.37 0.04690 40.16
4.42 0.04650 40.16
4.47 0.04650 40.15
4.53 0.04650 40.15
4.57 0.04650 40.16
4.64 0.04730 40.16
4.70 0.04650 40.16
4.74 0.04610 40.15
4.81 0.04730 40.16
4.85 0.04610 40.16
4.91 0.04650 40.20
4.94 0.04650 40.20
5.01 0.04650 40.24
5.08 0.04730 40.28
5.11 0.04650 40.28
5.18 0.04690 40.28
5.21 0.04650 40.28
5.27 0.04650 40.28
5.32 0.04610 40.28
5.38 0.04690 40.28
5.42 0.04650 40.26
5.48 0.04690 40.26
5.54 0.04650 40.30
5.58 0.04730 40.31
5.64 0.04650 40.31
5.68 0.04690 40.31
5.74 0.04650 40.31
5.77 0.04610 40.30
5.84 0.04650 40.30
5.90 0.04690 40.30
5.94 0.04730 40.29
6.00 0.04690 40.29
6.04 0.04650 40.26
6.10 0.04730 40.26
6.14 0.04650 40.26
6.19 0.04760 40.25
6.23 0.04650 40.25
6.28 0.04650 40.26
6.36 0.04690 40.26
6.39 0.04650 40.26
6.45 0.04610 40.28
6.49 0.04730 40.25
6.55 0.04650 40.25
6.58 0.04650 40.21
6.64 0.04610 40.21
6.71 0.04650 40.18
6.74 0.04650 40.16
6.80 0.04690 40.16
6.85 0.04690 40.15
6.90 0.04730 40.13
6.94 0.04690 40.13
7.00 0.04730 40.13
7.03 0.04610 40.13
7.09 0.04610 40.11
7.14 0.04610 40.08
7.19 0.04690 40.09
7.25 0.04570 40.08
7.29 0.04610 40.08
7.35 0.04690 40.09
7.39 0.04650 40.09
7.45 0.04690 40.09
7.51 0.04650 40.09
7.55 0.04650 40.10
7.60 0.04760 40.10
7.64 0.04730 40.10
7.70 0.04650 40.13
7.74 0.04650 40.13
7.79 0.04650 40.13
7.83 0.04690 40.18
7.89 0.04690 40.18
7.96 0.04690 40.20
7.99 0.04690 40.22
8.05 0.04730 40.22
8.09 0.04650 40.24
8.14 0.04570 40.24
8.18 0.04690 40.24
8.24 0.04730 40.25
8.31 0.04690 40.25
8.34 0.04650 40.22
8.40 0.04650 40.22
8.44 0.04690 40.24
8.49 0.04690 40.25
8.53 0.04610 40.25
8.59 0.04690 40.24
8.63 0.04690 40.24
8.69 0.04690 40.20
8.75 0.04690 40.20
8.79 0.04730 40.20
8.85 0.04650 40.22
8.88 0.04730 40.22
8.94 0.04690 40.25
8.98 0.04730 40.25
9.03 0.04690 40.25
9.10 0.04690 40.25
9.14 0.04690 40.25
9.19 0.04690 40.25
9.23 0.04730 40.24
9.29 0.04690 40.24
9.33 0.04690 40.21
9.38 0.04650 40.21
9.42 0.04650 40.21
9.47 0.04690 40.19
9.54 0.04730 40.19
9.58 0.04690 40.19
9.64 0.04690 40.19
9.68 0.04690 40.18
9.74 0.04760 40.15
9.77 0.04690 40.15
9.83 0.04690 40.15
9.89 0.04730 40.15
9.93 0.04730 40.18
9.99 0.04760 40.18
10.02 0.04690 40.18
10.08 0.04690 40.18
10.12 0.04690 40.16
10.18 0.04690 40.16
10.22 0.04690 40.14
10.27 0.04690 40.15
10.33 0.04610 40.15
10.37 0.04610 40.16
10.43 0.04650 40.16
10.47 0.04650 40.15
10.52 0.04690 40.15
10.56 0.04610 40.15
10.62 0.04690 40.13
10.68 0.04650 40.13
10.72 0.04690 40.13
10.78 0.04690 40.13
10.82 0.04650 40.13
10.88 0.04610 40.11
10.92 0.04650 40.13
10.97 0.04650 40.13
11.01 0.04650 40.11
11.06 0.04690 40.13
11.13 0.04570 40.13
11.16 0.04690 40.13
11.22 0.04650 40.14
11.26 0.04610 40.14
11.32 0.04610 40.15
11.36 0.04650 40.16
11.41 0.04610 40.16
11.48 0.04570 40.14
11.52 0.04610 40.14
11.57 0.04570 40.14
11.61 0.04570 40.11
11.67 0.04500 40.11
11.70 0.04430 40.13
11.76 0.04430 40.13
11.80 0.04390 40.15
11.86 0.04390 40.15
11.92 0.04280 40.18
11.95 0.04280 40.18
12.02 0.04160 40.18
12.05 0.04130 40.18
12.11 0.04090 40.19
12.15 0.03900 40.19
12.20 0.03860 40.18
12.27 0.03790 40.18
12.30 0.03680 40.19
12.36 0.03530 40.19
12.40 0.03220 40.19
12.46 0.03150 40.19
12.49 0.02960 40.19
12.55 0.02700 40.18
12.59 0.02510 40.18
12.65 0.02360 40.18
12.71 0.02290 40.18
12.75 0.01840 40.20
12.81 0.01690 40.20
12.85 0.01430 40.21
12.90 0.01200 40.20
12.94 0.00860 40.20
13.00 0.00710 40.19
13.06 0.00370 40.19
13.10 0.00040 40.16
13.15 -0.00190 40.16
13.19 -0.00560 40.14
13.25 -0.00830 40.14
13.29 -0.01200 40.13
13.34 -0.01430 40.13
13.39 -0.01760 40.13
13.44 -0.02170 40.13
13.51 -0.02700 40.14
13.55 -0.03260 40.14
13.60 -0.03530 40.14
13.64 -0.03900 40.14
13.69 -0.04240 40.13
13.73 -0.04730 40.13
13.79 -0.05140 40.10
13.85 -0.05590 40.08
13.89 -0.06110 40.08
13.95 -0.06450 40.08
13.99 -0.07050 40.08
14.04 -0.07350 40.08
14.08 -0.07910 40.08
14.14 -0.08320 40.09
14.17 -0.08890 40.09
14.23 -0.09040 40.09
14.29 -0.09490 40.09
14.34 -0.10160 40.09
14.39 -0.10840 40.09
14.43 -0.11550 40.10
14.48 -0.12110 40.10
14.53 -0.12860 40.08
14.58 -0.13500 40.03
14.64 -0.14210 40.03
14.68 -0.14770 40.03
14.74 -0.15190 40.03
14.78 -0.16310 40.01
14.83 -0.16910 40.01
14.88 -0.17470 40.01
14.93 -0.17850 40.01
14.97 -0.18640 40.04
