-0.16 0.04610 59.00
-0.16 0.04650 59.00
-0.16 0.04690 59.01
-0.16 0.04650 59.01
-0.16 0.04650 59.01
-0.16 0.04650 59.03
-0.15 0.04650 59.03
-0.13 0.04690 59.04
-0.12 0.04650 59.04
-0.07 0.04650 59.05
-0.02 0.04650 59.05
0.02 0.04650 59.04
0.09 0.04650 59.04
0.14 0.04650 59.04
0.22 0.04690 59.03
0.28 0.04610 59.03
0.38 0.04650 59.01
0.49 0.04650 59.01
0.56 0.04650 59.03
0.66 0.04610 59.03
0.74 0.04610 59.04
0.87 0.04650 59.04
0.94 0.04650 59.04
1.07 0.04690 59.04
1.15 0.04650 59.05
1.28 0.04690 59.08
1.42 0.04650 59.08
1.49 0.04610 59.11
1.61 0.04690 59.11
1.69 0.04650 59.08
1.80 0.04650 59.08
1.88 0.04690 59.08
1.98 0.04650 59.09
2.09 0.04610 59.09
2.16 0.04650 59.13
2.25 0.04610 59.13
2.31 0.04650 59.13
2.40 0.04610 59.13
2.47 0.04650 59.11
2.56 0.04650 59.11
2.61 0.04650 59.11
2.70 0.04690 59.11
2.78 0.04570 59.11
2.84 0.04610 59.11
2.92 0.04610 59.10
2.98 0.04730 59.09
3.05 0.04650 59.09
3.10 0.04650 59.09
3.18 0.04650 59.09
3.26 0.04610 59.09
3.31 0.04650 59.09
3.38 0.04650 59.10
3.43 0.04650 59.10
3.50 0.04650 59.09
3.55 0.04690 59.09
3.62 0.04690 59.08
3.67 0.04690 59.05
3.73 0.04650 59.05
3.81 0.04650 59.04
3.85 0.04650 59.04
3.92 0.04690 59.04
3.96 0.04650 59.04
4.03 0.04650 59.01
4.07 0.04650 59.01
4.14 0.04690 58.99
4.21 0.04610 58.99
4.25 0.04610 58.97
4.32 0.04650 58.97
4.36 0.04650 58.97
4.42 0.04690 58.96
4.46 0.04690 58.96
4.53 0.04650 58.97
4.57 0.04690 58.97
4.63 0.04650 58.96
4.70 0.04690 58.96
4.74 0.04650 58.99
4.80 0.04650 58.99
4.84 0.04650 58.96
4.90 0.04650 58.96
4.95 0.04650 58.96
5.00 0.04690 58.97
5.07 0.04690 58.97
5.12 0.04650 58.99
5.18 0.04650 58.99
5.21 0.04650 59.00
5.27 0.04730 59.01
5.31 0.04650 59.01
5.37 0.04690 59.00
5.42 0.04650 59.00
5.47 0.04690 59.03
5.54 0.04650 59.03
5.58 0.04690 59.05
5.64 0.04650 59.05
5.68 0.04690 59.04
5.73 0.04690 59.04
5.77 0.04730 59.04
5.83 0.04610 59.01
5.90 0.04690 59.01
5.94 0.04610 59.00
6.00 0.04690 59.00
6.03 0.04690 58.99
6.09 0.04730 58.99
6.13 0.04650 59.00
6.19 0.04690 58.97
6.23 0.04650 58.97
6.28 0.04690 58.93
6.35 0.04650 58.93
6.39 0.04650 58.90
6.45 0.04690 58.90
6.49 0.04730 58.90
6.55 0.04690 58.88
6.58 0.04690 58.88
6.64 0.04690 58.86
6.71 0.04730 58.86
6.74 0.04650 58.83
6.80 0.04690 58.83
6.84 0.04690 58.80
6.90 0.04610 58.79
6.94 0.04650 58.79
6.99 0.04690 58.78
7.03 0.04650 58.78
7.09 0.04690 58.78
7.16 0.04690 58.78
7.19 0.04730 58.79
7.25 0.04730 58.80
7.28 0.04650 58.80
7.34 0.04690 58.80
7.39 0.04730 58.80
7.44 0.04650 58.84
7.51 0.04730 58.84
7.55 0.04690 58.85
7.60 0.04730 58.85
7.64 0.04650 58.85
7.70 0.04690 58.86
7.73 0.04650 58.86
7.79 0.04650 58.88
7.83 0.04730 58.88
7.89 0.04690 58.88
7.95 0.04690 58.89
7.99 0.04690 58.89
8.05 0.04650 58.93
8.09 0.04690 58.93
8.14 0.04650 58.95
8.18 0.04730 58.95
8.24 0.04690 58.97
8.30 0.04730 58.97
8.34 0.04690 58.99
8.40 0.04690 59.01
8.43 0.04690 59.01
8.49 0.04690 59.04
8.53 0.04650 59.04
8.59 0.04650 59.05
8.63 0.04690 59.05
8.69 0.04650 59.06
8.75 0.04690 59.06
8.78 0.04690 59.09
8.84 0.04730 59.09
8.87 0.04650 59.09
8.94 0.04690 59.09
8.98 0.04690 59.09
9.03 0.04690 59.04
9.09 0.04690 59.04
9.14 0.04690 59.03
9.19 0.04690 59.03
9.23 0.04690 59.03
9.28 0.04690 59.00
9.32 0.04650 59.00
9.38 0.04690 59.00
9.42 0.04690 59.00
9.48 0.04690 59.01
9.54 0.04690 59.01
9.58 0.04690 59.00
9.64 0.04690 59.03
9.67 0.04730 59.03
9.73 0.04690 59.04
9.77 0.04690 59.04
9.83 0.04690 59.05
9.89 0.04650 59.05
9.93 0.04610 59.06
9.98 0.04690 59.06
10.02 0.04690 59.05
10.08 0.04690 59.05
10.12 0.04690 59.05
10.18 0.04650 59.05
10.21 0.04690 59.06
10.27 0.04650 59.06
10.33 0.04650 59.06
10.37 0.04650 59.06
10.43 0.04610 59.09
10.47 0.04610 59.09
10.53 0.04610 59.10
10.56 0.04610 59.11
10.62 0.04570 59.11
10.68 0.04570 59.11
10.72 0.04500 59.11
10.78 0.04540 59.13
10.82 0.04500 59.13
10.87 0.04540 59.15
10.91 0.04460 59.15
10.97 0.04430 59.16
11.01 0.04390 59.16
11.07 0.04390 59.19
11.13 0.04390 59.19
11.17 0.04350 59.20
11.22 0.04280 59.20
11.26 0.04240 59.22
11.32 0.04160 59.22
11.35 0.04090 59.24
11.41 0.04050 59.24
11.47 0.03860 59.25
11.51 0.03680 59.25
11.57 0.03530 59.24
11.61 0.03340 59.22
11.67 0.03150 59.22
11.71 0.02850 59.22
11.76 0.02660 59.22
11.80 0.02250 59.20
11.85 0.01990 59.20
11.92 0.01540 59.19
11.96 0.01130 59.19
12.02 0.00790 59.19
12.05 0.00410 59.19
12.11 0.00070 59.20
12.15 -0.00370 59.20
12.20 -0.00680 59.21
12.27 -0.01240 59.21
12.31 -0.01800 59.19
12.36 -0.02170 59.19
12.40 -0.02810 59.19
12.46 -0.03300 59.19
12.50 -0.04010 59.18
12.55 -0.04610 59.18
12.59 -0.05440 59.19
12.65 -0.06040 59.19
12.71 -0.06940 59.20
12.75 -0.08030 59.20
12.81 -0.08810 59.20
12.84 -0.09860 59.20
12.90 -0.10500 59.18
12.94 -0.11660 59.18
13.00 -0.12520 59.15
13.06 -0.13760 59.15
13.10 -0.15040 59.16
13.15 -0.15940 59.18
13.19 -0.16950 59.18
13.25 -0.17740 59.15
13.29 -0.18600 59.15
13.35 -0.19310 59.14
13.38 -0.20170 59.14
13.44 -0.20660 59.13
13.50 -0.21220 59.13
13.54 -0.21860 59.13
13.60 -0.22390 59.13
13.63 -0.22990 59.13
13.69 -0.23400 59.13
13.73 -0.23960 59.15
13.79 -0.24490 59.15
13.85 -0.25050 59.19
13.89 -0.25760 59.19
13.94 -0.26290 59.19
13.99 -0.26770 59.18
14.04 -0.27190 59.18
14.08 -0.27750 59.19
14.14 -0.28160 59.19
14.17 -0.28690 59.21
14.23 -0.29100 59.21
14.29 -0.30040 59.22
14.33 -0.30520 59.22
14.39 -0.30900 59.24
14.43 -0.31460 59.24
14.48 -0.31570 59.22
14.52 -0.32480 59.20
14.58 -0.33300 59.20
14.64 -0.33900 59.22
14.68 -0.34580 59.22
14.74 -0.35250 59.25
14.78 -0.36000 59.25
14.83 -0.36640 59.25
14.87 -0.37650 59.26
14.93 -0.38330 59.26
14.96 -0.38780 59.25
