-0.11 0.04090 80.15
-0.11 0.04050 80.15
-0.11 0.04010 80.16
-0.11 0.04010 80.16
-0.11 0.04050 80.20
-0.10 0.04050 80.20
-0.10 0.04050 80.19
-0.07 0.04090 80.19
-0.06 0.04090 80.19
-0.02 0.04010 80.18
0.04 0.04090 80.18
0.08 0.04010 80.15
0.15 0.04050 80.15
0.20 0.04010 80.18
0.28 0.04090 80.18
0.34 0.04050 80.21
0.43 0.04050 80.21
0.54 0.04010 80.20
0.61 0.04090 80.20
0.72 0.04050 80.19
0.80 0.04050 80.14
0.91 0.04050 80.14
1.00 0.04050 80.12
1.13 0.04050 80.12
1.21 0.04050 80.12
1.33 0.04010 80.12
1.47 0.04050 80.11
1.56 0.04050 80.11
1.67 0.04050 80.10
1.75 0.04090 80.07
1.85 0.04050 80.07
1.93 0.04050 80.05
2.03 0.04050 80.05
2.14 0.04050 79.99
2.21 0.04090 79.99
2.32 0.04050 80.01
2.38 0.04010 80.01
2.47 0.04050 80.00
2.53 0.04010 80.00
2.61 0.04090 79.97
2.67 0.04010 79.97
2.75 0.04050 79.95
2.85 0.04050 79.95
2.90 0.04010 79.95
2.98 0.04050 79.91
3.03 0.04050 79.91
3.11 0.04050 79.90
3.17 0.04050 79.90
3.24 0.04050 79.89
3.32 0.04050 79.89
3.38 0.04010 79.87
3.44 0.04090 79.87
3.49 0.04050 79.82
3.56 0.04010 79.82
3.61 0.04050 79.79
3.68 0.04130 79.74
3.72 0.04050 79.74
3.80 0.04050 79.76
3.87 0.04050 79.76
3.91 0.04090 79.74
3.98 0.04090 79.74
4.02 0.04050 79.69
4.09 0.04050 79.69
4.14 0.04090 79.68
4.20 0.04050 79.68
4.27 0.04050 79.66
4.32 0.04090 79.65
4.38 0.04050 79.65
4.41 0.04010 79.64
4.48 0.04090 79.64
4.53 0.04050 79.66
4.59 0.04090 79.66
4.63 0.04050 79.65
4.69 0.04050 79.65
4.76 0.04050 79.64
4.80 0.04090 79.64
4.86 0.04010 79.62
4.90 0.04050 79.62
4.96 0.04090 79.60
5.00 0.04050 79.60
5.07 0.04050 79.57
5.14 0.04090 79.57
5.18 0.04090 79.57
5.24 0.04050 79.57
5.27 0.04050 79.57
5.33 0.04090 79.59
5.38 0.04090 79.59
5.42 0.04090 79.55
5.47 0.04010 79.55
5.54 0.04050 79.56
5.60 0.04050 79.56
5.64 0.04090 79.57
5.70 0.03980 79.57
5.74 0.04090 79.59
5.80 0.04050 79.59
5.84 0.04010 79.59
5.89 0.04050 79.60
5.96 0.04090 79.60
6.00 0.04090 79.64
6.05 0.04010 79.64
6.09 0.04010 79.65
6.16 0.04050 79.65
6.19 0.04050 79.66
6.26 0.04090 79.70
6.29 0.04090 79.70
6.35 0.04090 79.70
6.41 0.04050 79.70
6.45 0.04090 79.72
6.50 0.04010 79.72
6.55 0.04050 79.75
6.60 0.04090 79.75
6.64 0.04050 79.76
6.70 0.04090 79.76
6.77 0.04090 79.79
6.81 0.04090 79.80
6.86 0.04050 79.80
6.90 0.04050 79.82
6.96 0.04090 79.82
7.00 0.04050 79.82
7.05 0.04010 79.82
7.09 0.04050 79.86
7.15 0.04090 79.86
7.22 0.04090 79.86
7.26 0.04130 79.91
7.31 0.04010 79.91
7.35 0.04090 79.95
7.41 0.04050 79.95
7.44 0.04090 79.97
7.50 0.04090 80.00
7.56 0.04010 80.00
7.61 0.04050 80.00
7.67 0.04050 80.00
7.70 0.04090 80.01
7.76 0.04050 80.01
7.80 0.04090 80.01
7.85 0.04050 80.01
7.89 0.04090 80.02
7.95 0.04090 80.01
8.01 0.04050 80.01
8.05 0.04010 80.01
8.11 0.04010 80.01
8.15 0.04050 80.02
8.20 0.04130 80.02
8.24 0.04010 80.02
8.30 0.04090 80.02
8.36 0.04090 80.04
8.40 0.04050 80.04
8.46 0.04050 80.01
8.50 0.04050 80.01
8.56 0.04090 80.00
8.60 0.04050 80.00
8.65 0.04130 80.02
8.69 0.04050 80.02
8.75 0.04130 80.02
8.81 0.04130 80.02
8.85 0.04090 80.01
8.90 0.04050 80.01
8.94 0.04090 80.01
9.00 0.04090 80.01
9.04 0.04090 80.01
9.10 0.04090 80.00
9.16 0.04090 80.00
9.19 0.04090 79.99
9.25 0.04050 79.99
9.29 0.04090 79.95
9.35 0.04050 79.95
9.39 0.04050 79.94
9.45 0.04010 79.94
9.48 0.04050 79.95
9.54 0.04090 79.95
9.60 0.04050 79.95
9.64 0.04090 79.95
9.70 0.04050 79.95
9.73 0.04050 79.93
9.79 0.04050 79.93
9.83 0.04090 79.94
9.89 0.04050 79.94
9.95 0.04090 79.95
9.99 0.04090 79.96
10.05 0.04050 79.96
10.09 0.04050 79.96
10.14 0.04010 79.96
10.18 0.04050 79.96
10.24 0.04050 79.96
10.27 0.04010 79.99
10.33 0.04010 79.99
10.39 0.04010 80.00
10.43 0.03980 80.00
10.49 0.03980 80.00
10.53 0.03900 80.01
10.59 0.03940 80.01
10.62 0.03900 80.05
10.68 0.03860 80.05
10.74 0.03900 80.06
10.78 0.03860 80.09
10.84 0.03790 80.09
10.88 0.03750 80.09
10.93 0.03710 80.09
10.97 0.03680 80.09
11.03 0.03680 80.09
11.07 0.03560 80.12
11.13 0.03560 80.12
11.19 0.03450 80.14
11.23 0.03340 80.14
11.28 0.03300 80.12
11.32 0.03080 80.12
11.38 0.03000 80.09
11.41 0.02850 80.09
11.48 0.02660 80.10
11.54 0.02400 80.10
11.57 0.02100 80.11
11.63 0.01880 80.12
11.67 0.01540 80.12
11.73 0.01200 80.11
11.77 0.00790 80.11
11.82 0.00490 80.10
11.86 0.00070 80.10
11.92 -0.00300 80.11
11.98 -0.00710 80.11
12.02 -0.01270 80.11
12.07 -0.01610 80.11
12.11 -0.02210 80.09
12.17 -0.02590 80.09
12.21 -0.03110 80.09
12.26 -0.03560 80.05
12.33 -0.04240 80.05
12.37 -0.05100 80.04
12.43 -0.05700 80.04
12.46 -0.06600 80.00
12.52 -0.07160 80.00
12.56 -0.08140 79.96
12.61 -0.08810 79.96
12.66 -0.10090 79.96
12.71 -0.10990 79.94
12.77 -0.11920 79.94
12.81 -0.13310 79.94
12.87 -0.14360 79.94
12.91 -0.15710 79.93
12.96 -0.16650 79.93
13.00 -0.18070 79.90
13.06 -0.19090 79.90
13.12 -0.20620 79.89
13.16 -0.22270 79.89
13.22 -0.23400 79.93
13.25 -0.24900 79.93
13.31 -0.26060 79.93
13.35 -0.27750 79.93
13.41 -0.28800 79.93
13.45 -1.11070 79.93
13.50 -1.35410 79.93
13.57 -1.49400 79.94
13.60 -1.57050 79.94
13.66 -1.62710 79.94
13.70 -1.69010 79.94
13.75 -1.74220 79.91
13.79 -1.81050 79.91
13.85 -1.86860 79.91
13.92 -1.91920 79.95
13.95 -1.89940 79.95
14.01 -1.87570 79.94
14.05 -1.90050 79.94
14.10 -1.92080 79.95
14.14 -1.95520 79.95
14.20 -1.97700 79.95
14.24 -2.01080 79.97
14.30 -2.03810 79.97
14.35 -2.08990 79.99
14.39 -2.12400 79.99
14.45 -2.13750 79.97
14.49 -2.16410 79.97
14.55 -2.19040 80.00
14.58 -2.22000 80.00
14.64 -2.24590 80.01
14.71 -2.28450 80.02
14.74 -2.32160 80.02
14.80 -2.35130 80.06
14.84 -2.38350 80.06
14.90 -2.40900 80.07
14.94 -2.44390 80.07
14.99 -2.47580 80.07
