-0.17 0.04650 80.29
-0.17 0.04650 80.29
-0.17 0.04650 80.29
-0.17 0.04650 80.29
-0.17 0.04650 80.30
-0.16 0.04650 80.30
-0.16 0.04650 80.31
-0.14 0.04650 80.32
-0.12 0.04650 80.32
-0.08 0.04690 80.35
-0.02 0.04690 80.35
0.01 0.04690 80.35
0.09 0.04650 80.35
0.13 0.04650 80.37
0.22 0.04650 80.37
0.27 0.04650 80.40
0.37 0.04690 80.40
0.48 0.04650 80.44
0.55 0.04650 80.45
0.66 0.04690 80.45
0.74 0.04690 80.46
0.86 0.04690 80.46
0.94 0.04690 80.47
1.06 0.04690 80.47
1.15 0.04650 80.50
1.27 0.04610 80.50
1.41 0.04650 80.51
1.49 0.04690 80.51
1.61 0.04730 80.54
1.69 0.04690 80.55
1.80 0.04650 80.55
1.87 0.04610 80.57
1.98 0.04650 80.57
2.09 0.04610 80.59
2.15 0.04650 80.59
2.25 0.04650 80.61
2.31 0.04690 80.61
2.40 0.04690 80.64
2.47 0.04650 80.64
2.55 0.04650 80.66
2.61 0.04690 80.66
2.70 0.04650 80.70
2.78 0.04690 80.70
2.84 0.04610 80.72
2.92 0.04650 80.72
2.97 0.04650 80.72
3.04 0.04610 80.72
3.10 0.04610 80.74
3.18 0.04650 80.74
3.26 0.04650 80.74
3.31 0.04650 80.74
3.38 0.04690 80.74
3.43 0.04690 80.74
3.50 0.04650 80.74
3.55 0.04690 80.74
3.62 0.04650 80.70
3.66 0.04650 80.70
3.73 0.04650 80.69
3.81 0.04650 80.69
3.85 0.04650 80.65
3.92 0.04690 80.65
3.96 0.04650 80.66
4.03 0.04690 80.61
4.07 0.04690 80.61
4.14 0.04650 80.57
4.21 0.04690 80.57
4.26 0.04690 80.56
4.32 0.04690 80.56
4.36 0.04690 80.54
4.42 0.04650 80.54
4.47 0.04650 80.52
4.53 0.04650 80.52
4.57 0.04690 80.51
4.63 0.04690 80.51
4.70 0.04650 80.47
4.74 0.04690 80.47
4.80 0.04650 80.43
4.84 0.04690 80.43
4.91 0.04690 80.40
4.95 0.04690 80.40
5.01 0.04650 80.37
5.07 0.04690 80.37
5.12 0.04690 80.36
5.17 0.04650 80.36
5.21 0.04650 80.36
5.27 0.04690 80.36
5.32 0.04650 80.34
5.37 0.04650 80.34
5.41 0.04650 80.32
5.47 0.04690 80.31
5.53 0.04650 80.31
5.58 0.04650 80.31
5.63 0.04650 80.31
5.68 0.04730 80.30
5.73 0.04690 80.30
5.78 0.04650 80.31
5.83 0.04650 80.31
5.90 0.04690 80.30
5.94 0.04690 80.30
6.00 0.04690 80.30
6.04 0.04690 80.30
6.09 0.04690 80.30
6.13 0.04650 80.30
6.19 0.04650 80.30
6.23 0.04690 80.29
6.29 0.04690 80.29
6.35 0.04690 80.27
6.39 0.04650 80.27
6.45 0.04650 80.26
6.49 0.04650 80.26
6.54 0.04690 80.25
6.58 0.04690 80.25
6.64 0.04690 80.24
6.71 0.04650 80.24
6.75 0.04650 80.25
6.80 0.04690 80.25
6.84 0.04690 80.22
6.90 0.04690 80.22
6.94 0.04690 80.21
7.00 0.04650 80.21
7.03 0.04730 80.20
7.09 0.04690 80.20
7.15 0.04730 80.16
7.19 0.04650 80.16
7.25 0.04690 80.14
7.29 0.04730 80.14
7.35 0.04690 80.12
7.38 0.04690 80.12
7.44 0.04650 80.09
7.51 0.04690 80.09
7.55 0.04650 80.05
7.60 0.04690 80.05
7.64 0.04610 80.04
7.70 0.04690 80.01
7.74 0.04690 80.01
7.79 0.04650 80.00
7.83 0.04690 80.00
7.89 0.04650 79.99
7.95 0.04650 79.99
7.99 0.04690 79.97
8.05 0.04690 79.97
8.09 0.04690 79.96
8.14 0.04650 79.96
8.18 0.04690 79.93
8.23 0.04690 79.93
8.30 0.04690 79.90
8.34 0.04650 79.90
8.40 0.04690 79.86
8.43 0.04690 79.86
8.50 0.04650 79.86
8.53 0.04650 79.86
8.59 0.04690 79.86
8.63 0.04690 79.86
8.68 0.04690 79.82
8.75 0.04690 79.82
8.79 0.04690 79.82
8.85 0.04690 79.82
8.88 0.04650 79.81
8.94 0.04730 79.81
8.98 0.04690 79.80
9.03 0.04690 79.80
9.10 0.04690 79.81
9.14 0.04650 79.81
9.19 0.04690 79.82
9.23 0.04690 79.82
9.29 0.04690 79.80
9.32 0.04690 79.80
9.38 0.04650 79.81
9.42 0.04690 79.81
9.48 0.04690 79.85
9.54 0.04690 79.85
9.58 0.04650 79.84
9.63 0.04650 79.84
9.68 0.04690 79.84
9.73 0.04690 79.84
9.76 0.04650 79.86
9.83 0.04730 79.85
9.89 0.04650 79.85
9.93 0.04690 79.89
9.99 0.04650 79.89
10.03 0.04730 79.91
10.08 0.04690 79.91
10.12 0.04650 79.95
10.18 0.04650 79.95
10.21 0.04650 79.96
10.27 0.04610 79.96
10.33 0.04540 79.96
10.37 0.04540 79.96
10.43 0.04500 79.95
10.47 0.04500 79.95
10.52 0.04500 79.95
10.56 0.04430 79.95
10.62 0.04430 79.97
10.69 0.04430 79.97
10.72 0.04310 79.96
10.78 0.04310 79.96
10.82 0.04310 79.97
10.87 0.04280 79.97
10.90 0.04160 79.96
10.97 0.04160 79.96
11.01 0.04010 79.96
11.06 0.04050 79.99
11.12 0.03790 79.99
11.16 0.03750 80.01
11.21 0.03640 80.01
11.25 0.03450 80.02
11.32 0.03380 80.02
11.35 0.03110 80.00
11.41 0.02930 80.00
11.48 0.02630 80.04
11.51 0.02210 80.04
11.57 0.01910 80.04
11.61 0.01460 80.04
11.66 0.00980 80.02
11.70 0.00490 80.02
11.76 0.00070 80.00
11.80 -0.00520 80.00
11.85 -0.00980 79.99
11.92 -0.01690 79.99
11.96 -0.02360 79.97
12.01 -0.03000 79.97
12.05 -0.03710 79.97
12.11 -0.04240 79.97
12.15 -0.04990 79.99
12.20 -0.05620 79.99
12.27 -0.06600 80.00
12.31 -0.07760 79.97
12.36 -0.08400 79.97
12.40 -0.09640 79.97
12.46 -0.10580 79.97
12.49 -0.11770 79.97
12.55 -0.12900 79.97
12.59 -0.14320 79.96
12.64 -0.15560 79.93
12.71 -0.16950 79.93
12.75 -0.19050 79.91
12.81 -0.20470 79.91
12.84 -0.22430 79.89
12.90 -0.23740 79.89
12.94 -0.25730 79.87
12.99 -0.27190 79.87
13.06 -0.29480 79.85
13.10 -0.32360 79.84
13.15 -0.34090 79.84
13.19 -0.36340 79.84
13.25 -0.38250 79.84
13.28 -0.40610 79.79
13.34 -0.42260 79.79
13.39 -0.45190 79.76
13.44 -0.47100 79.76
13.51 -0.49760 79.76
13.54 -0.52880 79.76
13.60 -0.54970 79.76
13.63 -0.57670 79.76
13.67 -0.59590 79.74
13.73 -1.20260 79.72
13.79 -1.36910 79.72
13.85 -1.43810 79.71
13.89 -1.48390 79.71
13.94 -1.51910 79.70
13.98 -1.54910 79.70
14.04 -1.57310 79.68
14.08 -1.60390 79.68
14.14 -1.62670 79.66
14.17 -1.65750 79.64
14.23 -1.69420 79.64
14.29 -1.73510 79.61
14.33 -1.76850 79.61
14.39 -1.74370 79.64
14.43 -1.72910 79.64
14.48 -1.72570 79.66
14.52 -1.82360 79.66
14.58 -1.89900 79.69
14.64 -1.92820 79.65
14.68 -1.95830 79.65
14.74 -1.98640 79.65
14.78 -2.02270 79.65
14.84 -2.04410 79.66
14.87 -1.99870 79.66
14.92 -1.97440 79.64
14.97 -1.98900 79.64
