0 433
1 568
2 563
3 460
4 627
5 461
6 503
7 449
8 402
9 443
10 433
11 598
12 605
13 541
14 415
15 421
16 369
17 481
18 499
19 426
20 494
21 443
22 479
23 455
24 640
25 522
26 485
27 510
28 505
29 513
30 629
31 485
32 465
33 533
34 496
35 472
36 634
37 619
38 442
39 450
40 509
41 356
42 609
43 571
44 488
45 591
46 495
47 514
48 523
49 566
50 664
51 716
52 486
53 410
54 448
55 474
56 570
57 464
58 597
59 432
60 454
61 478
62 676
63 592
64 588
65 406
66 414
67 601
68 715
69 748
70 607
71 582
72 478
73 527
74 575
75 622
76 524
77 546
78 579
79 565
80 547
81 614
82 632
83 608
84 539
85 429
86 411
87 549
88 710
89 617
90 504
91 463
92 565
93 2815
94 1097
95 531
96 679
97 495
98 537
99 665
100 752
101 690
102 704
103 578
104 450
105 401
106 546
107 649
108 581
109 622
110 558
111 576
112 565
113 675
114 624
115 612
116 618
117 612
118 591
119 582
120 677
121 740
122 664
123 492
124 516
125 583
126 688
127 713
128 562
129 486
130 454
131 667
132 636
133 639
134 724
135 600
136 520
137 447
138 501
139 609
140 632
141 544
142 547
143 479
144 470
145 766
146 636
147 587
148 538
149 460
150 493
151 645
152 686
153 659
154 545
155 495
156 443
157 566
158 715
159 644
160 646
161 492
162 502
163 498
164 599
165 569
166 621
167 568
168 497
169 514
170 453
171 689
172 666
173 624
174 530
175 639
176 694
177 766
178 656
179 541
180 515
181 407
182 527
183 568
184 666
185 648
186 614
187 454
188 426
189 541
190 569
191 698
192 559
193 493
194 442
195 575
196 626
197 578
198 596
199 684
200 594
201 468
202 592
203 747
204 601
205 586
206 470
207 505
208 473
209 740
210 579
211 610
212 625
213 475
214 448
215 656
216 732
217 543
218 609
219 534
220 503
221 593
222 629
223 549
224 606
225 526
226 423
227 611
228 728
229 622
230 615
231 578
232 550
233 541
234 640
235 677
236 708
237 630
238 505
239 523
240 544
241 664
242 581
243 543
244 576
245 521
246 430
247 541
248 615
249 671
250 567
251 517
252 473
253 591
254 797
255 601
256 538
257 504
258 566
259 532
260 695
261 671
262 549
263 565
264 551
265 569
266 494
267 621
268 530
269 549
270 541
271 602
272 589
273 589
274 545
275 654
276 752
277 513
278 584
279 537
280 689
281 677
282 575
283 476
284 528
285 690
286 753
287 681
288 640
289 491
290 478
291 551
292 663
293 549
294 602
295 740
296 588
297 519
298 627
299 716
300 641
301 630
302 594
303 553
304 619
305 722
306 685
307 661
308 664
309 697
310 638
311 560
312 1023
313 725
314 694
315 513
316 560
317 812
318 792
319 795
320 629
321 592
322 585
323 612
324 769
325 699
326 620
327 617
328 567
329 690
330 646
331 792
332 834
333 662
334 567
335 606
336 612
337 718
338 681
339 664
340 698
341 708
342 611
343 637
344 779
345 702
346 648
347 637
348 550
349 689
350 836
351 741
352 873
353 575
354 521
355 572
356 812
357 824
358 714
359 738
360 673
361 573
362 666
363 814
364 706
365 633
366 614
367 537
368 640
369 728
370 689
371 634
372 635
373 631
374 541
375 550
376 752
377 722
378 600
379 548
380 606
381 623
382 657
383 706
384 634
385 530
386 573
387 558
388 847
389 725
390 705
391 710
392 729
393 539
394 655
395 689
396 629
397 558
398 478
399 544
400 890
401 991
402 677
403 753
404 571
405 650
406 539
407 625
408 761
409 566
410 726
411 526
412 561
413 500
414 568
415 511
416 752
417 527
418 580
419 438
420 557
421 701
422 588
423 794
424 627
425 507
426 582
427 575
428 638
429 578
430 592
431 480
432 611
433 639
434 522
435 714
436 639
437 565
438 571
439 611
440 646
441 721
442 711
443 496
444 453
445 584
446 678
447 715
448 725
449 550
450 542
451 623
452 830
453 566
454 595
455 656
456 585
457 458
458 476
459 753
460 614
461 657
462 477
463 531
464 683
465 758
466 581
467 617
468 629
469 534
470 584
471 615
472 655
473 676
474 858
475 601
476 525
477 726
478 644
479 684
480 785
481 615
482 459
483 844
484 789
485 674
486 769
487 749
488 680
489 494
490 590
491 673
492 685
493 561
494 515
495 642
496 647
497 823
498 690
499 644
500 595
501 559
502 503
503 687
504 733
505 726
506 661
507 633
508 674
509 627
510 900
511 803
512 918
513 569
514 629
515 523
516 674
517 761
518 614
519 725
520 549
521 507
522 549
523 730
524 679
525 622
526 584
527 444
528 529
529 625
530 754
531 643
532 556
533 503
534 562
535 563
536 681
537 683
538 629
539 541
540 482
541 615
542 666
543 705
544 664
545 601
546 597
547 663
548 889
549 742
550 719
551 546
552 523
553 500
554 639
555 813
556 785
557 816
558 662
559 577
560 631
561 723
562 693
563 619
564 723
565 607
566 599
567 622
568 717
569 672
570 785
571 548
572 546
573 808
574 841
575 740
576 688
577 572
578 445
579 658
580 882
581 806
582 686
583 689
584 570
585 532
586 630
587 747
588 706
589 546
590 558
591 555
592 690
593 686
594 708
595 749
596 704
597 608
598 531
599 714
600 751
601 681
602 636
603 626
604 664
605 727
606 830
607 705
608 688
609 522
610 634
611 792
612 744
613 810
614 816
615 712
616 644
617 739
618 644
619 700
620 712
621 681
622 586
623 571
624 614
625 803
626 869
627 615
628 699
629 585
630 683
631 512
632 740
633 677
634 699
635 526
636 645
637 719
638 796
639 731
640 685
641 619
642 611
643 692
644 725
645 704
646 682
647 706
648 515
649 525
650 680
651 711
652 771
653 613
654 520
655 538
656 679
657 773
658 683
659 783
660 662
661 587
662 654
663 645
664 745
665 629
666 766
667 618
668 597
669 593
670 856
671 797
672 844
673 716
674 567
675 674
676 745
677 766
678 737
679 618
680 528
681 571
682 709
683 752
684 793
685 751
686 597
687 603
688 665
689 832
690 763
691 697
692 659
693 549
694 458
695 719
696 712
697 709
698 680
699 562
700 491
701 891
702 849
703 826
704 646
705 555
706 543
707 611
708 755
709 667
710 691
711 540
712 544
713 538
714 688
715 734
716 675
717 733
718 634
719 564
720 610
721 752
722 915
723 781
724 740
725 516
726 647
727 718
728 746
729 675
730 702
731 643
732 624
733 567
734 766
735 977
736 860
737 657
738 654
739 633
740 793
741 648
742 781
743 821
744 753
745 580
746 734
747 767
748 707
749 627
750 630
751 610
752 705
753 768
754 742
755 802
756 707
757 586
758 632
759 750
760 789
761 663
762 629
763 502
764 506
765 556
766 735
767 640
768 766
769 532
770 540
771 592
772 854
773 825
774 661
775 740
776 612
777 639
778 689
779 877
780 686
781 734
782 511
783 509
784 795
785 677
786 722
787 754
788 716
789 615
790 656
791 702
792 869
793 763
794 704
795 720
796 611
797 683
798 724
799 834
800 769
801 672
802 671
803 629
804 817
805 690
806 806
807 698
808 637
809 611
810 591
811 667
812 709
813 802
814 600
815 576
816 680
817 699
818 721
819 678
820 753
821 662
822 533
823 622
824 693
825 710
826 813
827 728
828 703
829 757
830 714
831 708
832 755
833 609
834 663
835 712
836 643
837 659
838 620
839 691
840 651
841 636
842 686
843 650
844 760
845 633
846 494
847 609
848 648
849 793
850 787
851 831
852 791
853 561
854 764
855 647
856 795
857 781
858 726
859 591
860 654
861 718
862 830
863 677
864 778
865 584
866 552
867 681
868 901
869 788
870 720
871 742
872 555
873 625
874 839
875 787
876 745
877 783
878 623
879 589
880 717
881 860
882 809
883 741
884 805
885 613
886 494
887 608
888 774
889 791
890 769
891 626
892 582
893 678
894 780
895 848
896 771
897 607
898 554
899 714
900 874
901 794
902 861
903 817
904 662
905 590
906 863
907 915
908 796
909 757
910 716
911 664
912 753
913 802
914 857
915 838
916 721
917 663
918 658
919 760
920 938
921 822
922 778
923 617
924 702
925 830
926 887
927 851
928 790
929 687
930 672
931 765
932 956
933 954
934 1038
935 761
936 791
937 661
938 851
939 910
940 993
941 810
942 707
943 842
944 762
945 843
946 783
947 833
948 822
949 721
950 621
951 887
952 896
953 801
954 1024
955 726
956 641
957 839
958 936
959 825
960 862
961 771
962 772
963 837
964 917
965 882
966 862
967 803
968 760
969 779
970 731
971 807
972 909
973 836
974 703
975 644
976 807
977 897
978 960
979 1065
980 890
981 643
982 643
983 859
984 942
985 900
986 816
987 747
988 743
989 806
990 959
991 956
992 875
993 773
994 652
995 895
996 949
997 863
998 913
999 780
1000 618
1001 613
1002 714
1003 945
1004 904
1005 728
1006 627
1007 687
1008 823
1009 971
1010 880
1011 747
1012 827
1013 715
1014 734
1015 783
1016 995
1017 875
1018 740
1019 623
1020 652
1021 845
1022 1023
1023 934
1024 886
1025 765
1026 699
1027 788
1028 965
1029 882
1030 831
1031 823
1032 689
1033 769
1034 806
1035 876
1036 912
1037 839
1038 764
1039 743
1040 824
1041 911
1042 1079
1043 896
1044 873
1045 791
1046 769
1047 940
1048 943
1049 873
1050 893
1051 788
1052 706
1053 917
1054 946
1055 889
1056 870
1057 748
1058 674
1059 799
1060 981
1061 903
1062 793
1063 835
1064 709
1065 651
1066 829
1067 939
1068 856
1069 801
1070 670
1071 764
1072 724
1073 909
1074 847
1075 814
1076 830
1077 706
1078 726
1079 731
1080 1021
1081 897
1082 913
1083 728
1084 693
1085 725
1086 973
1087 1002
1088 843
1089 747
1090 691
1091 748
1092 872
1093 856
1094 831
1095 779
1096 776
1097 743
1098 785
1099 926
1100 830
1101 878
1102 739
1103 839
1104 963
1105 920
1106 863
1107 909
1108 904
1109 862
1110 700
1111 805
1112 863
1113 770
1114 848
1115 779
1116 773
1117 752
1118 986
1119 832
1120 1039
1121 677
1122 683
1123 772
1124 903
1125 880
1126 838
1127 871
1128 896
1129 939
1130 762
1131 981
1132 993
1133 842
1134 714
1135 846
1136 948
1137 964
1138 873
1139 873
1140 1005
1141 720
1142 724
1143 759
1144 914
1145 958
1146 737
1147 772
1148 751
1149 819
1150 949
1151 878
1152 870
1153 719
1154 703
1155 798
1156 859
1157 870
1158 828
1159 1104
1160 821
1161 729
1162 799
1163 878
1164 971
1165 835
1166 804
1167 869
1168 914
1169 922
1170 923
1171 886
1172 1037
1173 775
1174 690
1175 773
1176 895
1177 913
1178 861
1179 603
1180 722
1181 692
1182 894
1183 959
1184 901
1185 693
1186 662
1187 923
1188 943
1189 835
1190 860
1191 864
1192 718
1193 628
1194 745
1195 1121
1196 949
1197 847
1198 774
1199 717
1200 808
1201 893
1202 988
1203 991
1204 833
1205 698
1206 633
1207 1019
1208 1249
1209 940
1210 698
1211 636
1212 695
1213 796
1214 1089
1215 987
1216 940
1217 850
1218 732
1219 715
1220 1013
1221 955
1222 797
1223 824
1224 756
1225 776
1226 988
1227 981
1228 829
1229 842
1230 811
1231 742
1232 841
1233 888
1234 879
1235 877
1236 963
1237 939
1238 902
1239 824
1240 752
1241 793
1242 871
1243 691
1244 627
1245 809
1246 854
1247 794
1248 878
1249 603
1250 611
1251 736
1252 1000
1253 909
1254 903
1255 776
1256 738
1257 653
1258 788
1259 935
1260 872
1261 1007
1262 747
1263 830
1264 731
1265 918
1266 776
1267 727
1268 846
1269 679
1270 762
1271 806
1272 975
1273 986
1274 918
1275 777
1276 737
1277 787
1278 930
1279 895
1280 918
1281 850
1282 686
1283 973
1284 1047
1285 879
1286 846
1287 780
1288 733
1289 809
1290 850
1291 1000
1292 964
1293 893
1294 673
1295 722
1296 873
1297 876
1298 918
1299 848
1300 876
1301 721
1302 628
1303 832
1304 993
1305 909
1306 885
1307 677
1308 721
1309 810
1310 832
1311 967
1312 963
1313 774
1314 694
1315 729
1316 968
1317 1166
1318 866
1319 811
1320 671
1321 715
1322 884
1323 993
1324 1027
1325 1025
1326 825
1327 774
1328 780
1329 1065
1330 978
1331 952
1332 912
1333 765
1334 836
1335 843
1336 866
1337 960
1338 1061
1339 895
1340 819
1341 801
1342 1008
1343 1083
1344 838
1345 719
1346 738
1347 1102
1348 1042
1349 812
1350 892
1351 831
1352 819
1353 799
1354 763
1355 860
1356 898
1357 918
1358 689
1359 868
1360 1121
1361 1021
1362 871
1363 847
1364 781
1365 669
1366 777
1367 954
1368 982
1369 984
1370 847
1371 725
1372 759
1373 878
1374 1172
1375 925
1376 928
1377 894
1378 868
1379 1041
1380 851
1381 929
1382 807
1383 866
1384 854
1385 854
1386 960
1387 1052
1388 1064
1389 937
1390 725
1391 867
1392 1030
1393 1026
1394 1072
1395 976
1396 1012
1397 751
1398 801
1399 775
1400 1046
1401 996
1402 1166
1403 831
1404 793
1405 879
1406 1009
1407 980
1408 931
1409 784
1410 852
1411 806
1412 931
1413 938
1414 941
1415 840
1416 661
1417 805
1418 996
1419 1013
1420 910
1421 925
1422 808
1423 772
1424 947
1425 1113
1426 1049
1427 878
1428 977
1429 822
1430 817
1431 995
1432 1059
1433 1065
1434 871
1435 716
1436 700
1437 1111
1438 1119
1439 981
1440 846
1441 747
1442 721
1443 760
1444 992
1445 1071
1446 987
1447 777
1448 796
1449 902
1450 976
1451 993
1452 858
1453 910
1454 850
1455 837
1456 907
1457 932
1458 900
1459 947
1460 1007
1461 748
1462 723
1463 854
1464 980
1465 957
1466 908
1467 809
1468 890
1469 858
1470 1132
1471 1017
1472 1105
1473 992
1474 907
1475 1043
1476 947
1477 927
1478 927
1479 814
1480 739
1481 767
1482 1112
1483 1038
1484 852
1485 984
1486 768
1487 886
1488 823
1489 1043
1490 905
1491 872
1492 896
1493 691
1494 768
1495 903
1496 1019
1497 1177
1498 942
1499 744
1500 870
1501 858
1502 927
1503 987
1504 854
1505 782
1506 762
1507 956
1508 1044
1509 937
1510 924
1511 891
1512 792
1513 961
1514 1016
1515 1105
1516 976
1517 1024
1518 813
1519 866
1520 871
1521 952
1522 1077
1523 937
1524 862
1525 778
1526 806
1527 939
1528 1214
1529 1021
1530 1014
1531 781
1532 909
1533 782
1534 978
1535 959
1536 984
1537 734
1538 770
1539 951
1540 1075
1541 957
1542 1293
1543 1074
1544 830
1545 779
1546 885
1547 1008
1548 873
1549 785
1550 768
1551 761
1552 897
1553 880
1554 960
1555 1092
1556 957
1557 810
1558 668
1559 924
1560 1109
1561 952
1562 856
1563 799
1564 777
1565 866
1566 985
1567 1083
1568 1059
1569 852
1570 811
1571 1001
1572 1225
1573 1118
1574 977
1575 908
1576 836
1577 738
1578 1090
1579 1094
1580 1025
1581 1042
1582 826
1583 841
1584 895
1585 1094
1586 883
1587 848
1588 969
1589 832
1590 957
1591 877
1592 969
1593 892
1594 952
1595 831
1596 744
1597 1016
1598 997
1599 942
1600 1021
1601 861
1602 785
1603 991
1604 956
1605 968
1606 976
1607 957
1608 843
1609 895
1610 909
1611 966
1612 881
1613 882
1614 772
1615 868
1616 836
1617 1195
1618 964
1619 931
1620 854
1621 641
1622 775
1623 1135
1624 1283
1625 951
1626 1038
1627 870
1628 757
1629 923
1630 1107
1631 986
1632 904
1633 793
1634 768
1635 1021
1636 1310
1637 968
1638 901
1639 1002
1640 824
1641 874
1642 863
1643 914
1644 910
1645 1056
1646 976
1647 897
1648 899
1649 835
1650 854
1651 871
1652 959
1653 790
1654 663
1655 907
1656 892
1657 914
1658 1007
1659 790
1660 820
1661 812
1662 916
1663 892
1664 892
1665 692
1666 685
1667 856
1668 1087
1669 1053
1670 953
1671 965
1672 751
1673 827
1674 954
1675 963
1676 977
1677 826
1678 588
1679 710
1680 833
1681 1004
1682 915
1683 1062
1684 936
1685 771
1686 833
1687 1122
1688 1131
1689 1045
1690 994
1691 767
1692 909
1693 1084
1694 1111
1695 1003
1696 984
1697 816
1698 767
1699 926
1700 1020
1701 1005
1702 981
1703 922
1704 1022
1705 915
1706 889
1707 1017
1708 976
1709 950
1710 873
1711 918
1712 1298
1713 1028
1714 1102
1715 1043
1716 956
1717 805
1718 879
1719 850
1720 992
1721 968
1722 889
1723 984
1724 853
1725 931
1726 982
1727 945
1728 897
1729 798
1730 757
1731 1040
1732 1085
1733 957
1734 987
1735 882
1736 810
1737 861
1738 1106
1739 1258
1740 1128
1741 1003
1742 828
1743 904
1744 947
1745 1140
1746 1122
1747 1055
1748 972
1749 886
1750 787
1751 1037
1752 1168
1753 1007
1754 861
1755 717
1756 809
1757 926
1758 1089
1759 1116
1760 965
1761 776
1762 740
1763 1054
1764 1058
1765 1154
1766 1106
1767 990
1768 859
1769 891
1770 852
1771 1058
1772 1046
1773 1090
1774 976
1775 893
1776 1016
1777 1053
1778 1064
1779 1088
1780 916
1781 921
1782 1103
1783 904
1784 1062
1785 1002
1786 942
1787 799
1788 987
1789 1041
1790 1075
1791 1020
1792 958
1793 811
1794 758
1795 962
1796 1034
1797 1041
1798 1065
1799 1140
1800 751
1801 860
1802 908
1803 1091
1804 1189
1805 1048
1806 833
1807 862
1808 1245
1809 1088
1810 1148
1811 1039
1812 1083
1813 940
1814 912
1815 1002
1816 1297
1817 1412
1818 1074
1819 883
1820 858
1821 1035
1822 1211
1823 1108
1824 1054
1825 853
1826 885
1827 1101
1828 1258
1829 1101
1830 1253
1831 1118
1832 948
1833 1017
1834 1068
1835 1151
1836 1127
1837 1108
1838 841
1839 995
1840 993
1841 1083
1842 1022
1843 971
1844 1253
1845 1024
1846 909
1847 1020
1848 1158
1849 978
1850 977
1851 908
1852 1020
1853 984
1854 1102
1855 1090
1856 1042
1857 782
1858 749
1859 955
1860 1081
1861 1114
1862 1077
1863 912
1864 826
1865 917
1866 1007
1867 1205
1868 1168
1869 1066
1870 902
1871 886
1872 994
1873 1293
1874 1109
1875 1025
1876 1012
1877 945
1878 872
1879 1054
1880 1140
1881 1018
1882 968
1883 860
1884 993
1885 1131
1886 1177
1887 1045
1888 1188
1889 840
1890 883
1891 1100
1892 1198
1893 1139
1894 1110
1895 1067
1896 1003
1897 939
1898 1306
1899 1052
1900 1054
1901 997
1902 894
1903 871
1904 881
1905 1182
1906 1100
1907 1089
1908 1276
1909 857
1910 823
1911 1016
1912 1094
1913 1042
1914 1132
1915 833
1916 1045
1917 1119
1918 1107
1919 1171
1920 1015
1921 857
1922 825
1923 1064
1924 1139
1925 1106
1926 1003
1927 933
1928 773
1929 1081
1930 1065
1931 1224
1932 1343
1933 1066
1934 861
1935 1044
1936 823
1937 1077
1938 1162
1939 1184
1940 1115
1941 848
1942 808
1943 1153
1944 1239
1945 1142
1946 1153
1947 825
1948 823
1949 881
1950 1039
1951 1002
1952 1086
1953 920
1954 956
1955 939
1956 1284
1957 1132
1958 1057
1959 988
1960 972
1961 1072
1962 955
1963 1112
1964 1363
1965 1102
1966 1122
1967 957
1968 1056
1969 1141
1970 971
1971 1112
1972 1101
1973 895
1974 873
1975 1071
1976 1185
1977 1098
1978 1080
1979 911
1980 848
1981 1044
1982 1425
1983 1064
1984 954
1985 903
1986 920
1987 872
1988 1351
1989 1025
1990 989
1991 1075
1992 1162
1993 1059
1994 1032
1995 1006
1996 1072
1997 1246
1998 1264
1999 1178
2000 1336
2001 1207
2002 1004
2003 1436
2004 1258
2005 1325
2006 1322
2007 1217
2008 1007
2009 996
2010 1414
2011 1176
2012 1097
2013 1177
2014 927
2015 1025
2016 1229
2017 1096
2018 1024
2019 1460
2020 1190
2021 1016
2022 1156
2023 1214
2024 1072
2025 940
2026 1218
2027 1105
2028 969
2029 1174
2030 1439
2031 1134
2032 1126
2033 1072
2034 1104
2035 1381
2036 1448
2037 1214
2038 1032
2039 1179
2040 1057
2041 996
2042 1316
2043 1436
2044 1254
2045 1225
2046 1122
2047 1085
2048 2397
2049 1634
2050 1553
2051 1681
2052 965
2053 1065
2054 1832
2055 1817
2056 1356
2057 1518
2058 1427
2059 885
2060 1619
2061 1959
2062 1590
2063 1325
2064 1632
2065 997
2066 1006
2067 2196
2068 1951
2069 2132
2070 1948
2071 1553
2072 1092
2073 2208
2074 1793
2075 1922
2076 1756
2077 1466
2078 1137
2079 1429
2080 2025
2081 1804
2082 1907
2083 1865
2084 1145
2085 1712
2086 2020
2087 2096
2088 2011
2089 2005
2090 1869
2091 1567
2092 1889
2093 2238
2094 2426
2095 2120
2096 2267
2097 1568
2098 1578
2099 1992
2100 2077
2101 1909
2102 1864
2103 2653
2104 1522
2105 1393
2106 1887
2107 1870
2108 2146
2109 1848
2110 1113
2111 1402
2112 2093
2113 1872
2114 1669
2115 1534
2116 1161
2117 1348
2118 1721
2119 1874
2120 1548
2121 1454
2122 1543
2123 1247
2124 1559
2125 2313
2126 2359
2127 2317
2128 2391
2129 1476
2130 1367
2131 2565
2132 2211
2133 2195
2134 2364
2135 2041
2136 1494
2137 1540
2138 2237
2139 2131
2140 1780
2141 1782
2142 1295
2143 1308
2144 2126
2145 2330
2146 2178
2147 2193
2148 1627
2149 1355
2150 2107
2151 2396
2152 2200
2153 1982
2154 1727
2155 1479
2156 1707
2157 2179
2158 2247
2159 2449
2160 2318
2161 1836
2162 2071
2163 2036
2164 2412
2165 2246
2166 2194
2167 2214
2168 1972
2169 2072
2170 2783
2171 2752
2172 2458
2173 1932
2174 1616
2175 1826
2176 2516
2177 2491
2178 2598
2179 2247
2180 1194
2181 1327
2182 2910
2183 2229
2184 1945
2185 2118
2186 2151
2187 1517
2188 1575
2189 1901
2190 1936
2191 2145
2192 1673
2193 1084
2194 1231
2195 1715
2196 2463
2197 2039
2198 1807
2199 1389
2200 1057
2201 1314
2202 1792
2203 1857
2204 1625
2205 1791
2206 1451
2207 1395
2208 1845
2209 2276
2210 2039
2211 1702
2212 1193
2213 1576
2214 1753
2215 1800
2216 1494
2217 1625
2218 1831
2219 1229
2220 1431
2221 1929
2222 1917
2223 1700
2224 1751
2225 1358
2226 1640
2227 2218
2228 2212
2229 2056
2230 1811
2231 1723
2232 1445
2233 1366
2234 1887
2235 2038
2236 3032
2237 2677
2238 1661
2239 1425
2240 2249
2241 2085
2242 2797
2243 2374
2244 1529
2245 1423
2246 2025
2247 2092
2248 2118
2249 2365
2250 2289
2251 1637
2252 1880
2253 2225
2254 2151
2255 2065
2256 2376
2257 1570
2258 1617
2259 2510
2260 2732
2261 2474
2262 2757
2263 2518
2264 1756
2265 2250
2266 2955
2267 2876
2268 2669
2269 2894
2270 2365
2271 2402
2272 2529
2273 2687
2274 2357
2275 2290
2276 1703
2277 2128
2278 4118
2279 2984
2280 2411
2281 2188
2282 2788
2283 2176
2284 1514
2285 2327
2286 2730
2287 2149
2288 1915
2289 1982
2290 1910
2291 2294
2292 2156
2293 2127
2294 2192
2295 2131
2296 1686
2297 1693
2298 2401
2299 2412
2300 2234
2301 1739
2302 1303
2303 1871
2304 2663
2305 2680
2306 2096
2307 2388
2308 1516
2309 1591
2310 2914
2311 2543
2312 2389
2313 2164
2314 2338
2315 1390
2316 1833
2317 2662
2318 2682
2319 2291
2320 2000
2321 1623
2322 2397
2323 2956
2324 3258
2325 3101
2326 2534
2327 2395
2328 1816
2329 1984
2330 2949
2331 3127
2332 2796
2333 2778
2334 2386
2335 4706
2336 7278
2337 8322
2338 8518
2339 8378
2340 7771
2341 7331
2342 8338
2343 8090
2344 7575
2345 7776
2346 7430
2347 6498
2348 6692
2349 7193
2350 6744
2351 6477
2352 6180
2353 5684
2354 5648
2355 5942
2356 6358
2357 5493
2358 5717
2359 4626
2360 2966
2361 2677
2362 2855
2363 2680
2364 2713
2365 2420
2366 1807
2367 2221
2368 3564
2369 3212
2370 2833
2371 2944
2372 1847
2373 2145
2374 2383
2375 2862
2376 2565
2377 2513
2378 2604
2379 2154
2380 2443
2381 2875
2382 3113
2383 2531
2384 2539
2385 1911
2386 2320
2387 2950
2388 2965
2389 2744
2390 2462
2391 2622
2392 2236
2393 2279
2394 2688
2395 2625
2396 2808
2397 3078
2398 2775
2399 2564
2400 2958
2401 2730
2402 2791
2403 3379
2404 2850
2405 2675
2406 2452
2407 2450
2408 2400
2409 2428
2410 2382
2411 1923
2412 2215
2413 2453
2414 2607
2415 2149
2416 2328
2417 1711
2418 2133
2419 2167
2420 2363
2421 2439
2422 1930
2423 1884
2424 1221
2425 1686
2426 2637
2427 2269
2428 2306
2429 2282
2430 1493
2431 1743
2432 2312
2433 2415
2434 2449
2435 2622
2436 1849
2437 1703
2438 2198
2439 2495
2440 2131
2441 2013
2442 2044
2443 1806
2444 1606
2445 2676
2446 2421
2447 2128
2448 1988
2449 1718
2450 1929
2451 2496
2452 2450
2453 2808
2454 2121
2455 2180
2456 1693
2457 1769
2458 2400
2459 4286
2460 3232
2461 2386
2462 1502
2463 1742
2464 2487
2465 3169
2466 3040
2467 2688
2468 1866
2469 2265
2470 2466
2471 2732
2472 2293
2473 2655
2474 3132
2475 2009
2476 2245
2477 2675
2478 3172
2479 3271
2480 2547
2481 2294
2482 2355
2483 3124
2484 3289
2485 3015
2486 2691
2487 2944
2488 2090
2489 2356
2490 3320
2491 3372
2492 2986
2493 3194
2494 2488
2495 2603
2496 3457
2497 3389
2498 3045
2499 3052
2500 2204
2501 2058
2502 3289
2503 3204
2504 3103
2505 3124
2506 3216
2507 2258
2508 2083
2509 3554
2510 3300
2511 2959
2512 2944
2513 2021
2514 2032
2515 2804
2516 3035
2517 2660
2518 2701
2519 2497
2520 1949
2521 2118
2522 3022
2523 2903
2524 2635
2525 2214
2526 1671
2527 1776
2528 2573
2529 2596
2530 2189
2531 2263
2532 1652
2533 1844
2534 2556
2535 2250
2536 2278
2537 2131
2538 2276
2539 1947
2540 2220
2541 2702
2542 2491
2543 2366
2544 2288
2545 1657
2546 1776
2547 2557
2548 2904
2549 2328
2550 2573
2551 2601
2552 2134
2553 2489
2554 2654
2555 2497
2556 2526
2557 2410
2558 1907
2559 1833
2560 2662
2561 2741
2562 2419
2563 2705
2564 1728
2565 1989
2566 2559
2567 2808
2568 2493
2569 2333
2570 2520
2571 1842
2572 1943
2573 3277
2574 3023
2575 2532
2576 2488
2577 1639
2578 1904
2579 2752
2580 2752
2581 2501
2582 2105
2583 2418
2584 2110
2585 2024
2586 2703
2587 2641
2588 2978
2589 2915
2590 2103
2591 2441
2592 2801
2593 2718
2594 2593
2595 2734
2596 2186
2597 2325
2598 4139
2599 3114
2600 2982
2601 2760
2602 2746
2603 2442
2604 2548
2605 3060
2606 3230
2607 3267
2608 3444
2609 3016
2610 2434
2611 2835
2612 3605
2613 3288
2614 2918
2615 2773
2616 2071
2617 2323
2618 3066
2619 2772
2620 2548
2621 2501
2622 1717
2623 2290
2624 2831
2625 2972
2626 2422
2627 2757
2628 1698
2629 1919
2630 2265
2631 2196
2632 2185
2633 2201
2634 2191
2635 1503
2636 2084
2637 2451
2638 2287
2639 2089
2640 2482
2641 2098
2642 1817
2643 2722
2644 2855
2645 2583
2646 2344
2647 2202
2648 2075
2649 1992
2650 2231
2651 2544
2652 2147
2653 2112
2654 1556
2655 1496
2656 2208
2657 2583
2658 2345
2659 2354
2660 1799
2661 2405
2662 2431
2663 2701
2664 2658
2665 2376
2666 2328
2667 2111
2668 2309
2669 2593
2670 2506
2671 2324
2672 2446
2673 1903
2674 2210
2675 2704
2676 3059
2677 2794
2678 2530
2679 2372
2680 1739
2681 2015
2682 3031
2683 2908
2684 2765
2685 2436
2686 1849
2687 1919
2688 2976
2689 2927
2690 2803
2691 2704
2692 1765
2693 1962
2694 2810
2695 2887
2696 2853
2697 2801
2698 2752
2699 2222
2700 2544
2701 2795
2702 3332
2703 3201
2704 2864
2705 2305
2706 2804
2707 3042
2708 3846
2709 3254
2710 4222
2711 3943
2712 2974
2713 3081
2714 4673
2715 4653
2716 5400
2717 9293
2718 24303
2719 45086
2720 54009
2721 51877
2722 49148
2723 48146
2724 47272
2725 47705
2726 47753
2727 48529
2728 47578
2729 47142
2730 47142
2731 45614
2732 44241
2733 44372
2734 42715
2735 41649
2736 40854
2737 40648
2738 41457
2739 41057
2740 44546
2741 47139
2742 30273
2743 16236
2744 8851
2745 6245
2746 5902
2747 5156
2748 4653
2749 4087
2750 3594
2751 3382
2752 3888
2753 3958
2754 3433
2755 3624
2756 2847
2757 2784
2758 3729
2759 4065
2760 3816
2761 3559
2762 4191
2763 5286
2764 7249
2765 8019
2766 7549
2767 7095
2768 6744
2769 6213
2770 6028
2771 7054
2772 7050
2773 6784
2774 6511
2775 6268
2776 5501
2777 5964
2778 6498
2779 6397
2780 6197
2781 5723
2782 5303
2783 5630
2784 6477
2785 7315
2786 6596
2787 4617
2788 2762
2789 2683
2790 2914
2791 3294
2792 3076
2793 2709
2794 2531
2795 2548
2796 2497
2797 2911
2798 2970
2799 2973
2800 3106
2801 2977
2802 2234
2803 2973
2804 3439
2805 3191
2806 2725
2807 2536
2808 2474
2809 2321
2810 2721
2811 2765
2812 2795
2813 3263
2814 2707
2815 2446
2816 2748
2817 2361
2818 2199
2819 2771
2820 2200
2821 2174
2822 2561
2823 2957
2824 2780
2825 2373
2826 2379
2827 2043
2828 2015
2829 2744
2830 3080
2831 2631
2832 3204
2833 1879
2834 2299
2835 3052
2836 3108
2837 2859
2838 2687
2839 2708
2840 2317
2841 2485
2842 3127
2843 3166
2844 2944
2845 2927
2846 2203
2847 2219
2848 2852
2849 2995
2850 2532
2851 2671
2852 2087
2853 2146
2854 2959
2855 3038
2856 2665
2857 2688
2858 2582
2859 1998
2860 2103
2861 3526
2862 2983
2863 2376
2864 2205
2865 1576
2866 1823
2867 2202
2868 2714
2869 2744
2870 2596
2871 2683
2872 1504
2873 1638
2874 2663
2875 2547
2876 2610
2877 2413
2878 2098
2879 1825
2880 2546
2881 3359
2882 2777
2883 2312
2884 1574
2885 1882
2886 2491
2887 2617
2888 2251
2889 2239
2890 2178
2891 1771
2892 2612
2893 2746
2894 2920
2895 2537
2896 2718
2897 2103
2898 1966
2899 2611
2900 2729
2901 2385
2902 2334
2903 2274
2904 1806
2905 2338
2906 2859
2907 2637
2908 2550
2909 2620
2910 1943
2911 2484
2912 2910
2913 3123
2914 2487
2915 2532
2916 1744
2917 1636
2918 2695
2919 3228
2920 2746
2921 2543
2922 2378
2923 2033
2924 2238
2925 2773
2926 2703
2927 2448
2928 2741
2929 2048
2930 2087
2931 2556
2932 3066
2933 2688
2934 2814
2935 2327
2936 1634
2937 2592
2938 2830
2939 2987
2940 2714
2941 2609
2942 1893
2943 2149
2944 2931
2945 2764
2946 2606
2947 2647
2948 1769
2949 2026
2950 3250
2951 3032
2952 2454
2953 2800
2954 2607
2955 2416
2956 2312
2957 2866
2958 3152
2959 2739
2960 2458
2961 2675
2962 2327
2963 2874
2964 3026
2965 2909
2966 2729
2967 2720
2968 2132
2969 2362
2970 3936
2971 3233
2972 2945
2973 2665
2974 2420
2975 2205
2976 2993
2977 3551
2978 3221
2979 2977
2980 1987
2981 1882
2982 2607
2983 2936
2984 2576
2985 2763
2986 2686
2987 1912
2988 2380
2989 3002
2990 3159
2991 2830
2992 2665
2993 2198
2994 2513
2995 2838
2996 2970
2997 2874
2998 2379
2999 2547
3000 2167
3001 2409
3002 2479
3003 2294
3004 2900
3005 2583
3006 1809
3007 2340
3008 2898
3009 2702
3010 2403
3011 2408
3012 1878
3013 2287
3014 2653
3015 2677
3016 2369
3017 2692
3018 2488
3019 1869
3020 2338
3021 2741
3022 2499
3023 2381
3024 2892
3025 2072
3026 2179
3027 2973
3028 2933
3029 2729
3030 2457
3031 2863
3032 2012
3033 2061
3034 2472
3035 3040
3036 2638
3037 2393
3038 1559
3039 2408
3040 2724
3041 3068
3042 2526
3043 2352
3044 1744
3045 1724
3046 2782
3047 2982
3048 2488
3049 2179
3050 2487
3051 2031
3052 2077
3053 2469
3054 2490
3055 2638
3056 2214
3057 1529
3058 1822
3059 3137
3060 3161
3061 2793
3062 2605
3063 2586
3064 2030
3065 2026
3066 2558
3067 2722
3068 2464
3069 2333
3070 1860
3071 1854
3072 2851
3073 3113
3074 2824
3075 2545
3076 1806
3077 1833
3078 2741
3079 3235
3080 2735
3081 2403
3082 2327
3083 1989
3084 2348
3085 2961
3086 2925
3087 2587
3088 2501
3089 1780
3090 2227
3091 2788
3092 3537
3093 2807
3094 2741
3095 2643
3096 1903
3097 2323
3098 3061
3099 2938
3100 2407
3101 2348
3102 2299
3103 2459
3104 2868
3105 2984
3106 2957
3107 2747
3108 2008
3109 2162
3110 2625
3111 2637
3112 2507
3113 2588
3114 2429
3115 2264
3116 2337
3117 3054
3118 2772
3119 2275
3120 2400
3121 2080
3122 1866
3123 2760
3124 2688
3125 2793
3126 2291
3127 2435
3128 1807
3129 1621
3130 2764
3131 2849
3132 3019
3133 2286
3134 1610
3135 1840
3136 2754
3137 2541
3138 2448
3139 2284
3140 1836
3141 2203
3142 2821
3143 2631
3144 3736
3145 2402
3146 2276
3147 1992
3148 2354
3149 2511
3150 2384
3151 2598
3152 2708
3153 2089
3154 1938
3155 2917
3156 2900
3157 2592
3158 2531
3159 2309
3160 2385
3161 2319
3162 2875
3163 2669
3164 2480
3165 2159
3166 1710
3167 1726
3168 2897
3169 2666
3170 2404
3171 2447
3172 1679
3173 1786
3174 2619
3175 2664
3176 2401
3177 2626
3178 2383
3179 1729
3180 1919
3181 2697
3182 2791
3183 2528
3184 2275
3185 1635
3186 1952
3187 2857
3188 2683
3189 2792
3190 2718
3191 2687
3192 2048
3193 2266
3194 2841
3195 2791
3196 2432
3197 2711
3198 1969
3199 2333
3200 2620
3201 3093
3202 3004
3203 2968
3204 2125
3205 2233
3206 2865
3207 3258
3208 2840
3209 2848
3210 2683
3211 2852
3212 2399
3213 4254
3214 3212
3215 2712
3216 2695
3217 2238
3218 2534
3219 2785
3220 2891
3221 2907
3222 2326
3223 3201
3224 2562
3225 2371
3226 3275
3227 2812
3228 2763
3229 2590
3230 2225
3231 2307
3232 2489
3233 2567
3234 3034
3235 2846
3236 1705
3237 2098
3238 3088
3239 3037
3240 2982
3241 2314
3242 2236
3243 2332
3244 2176
3245 3151
3246 2742
3247 2820
3248 2694
3249 1768
3250 2033
3251 2637
3252 2656
3253 2833
3254 2799
3255 2473
3256 2038
3257 2213
3258 2891
3259 3829
3260 3163
3261 2639
3262 1876
3263 2143
3264 3191
3265 3379
3266 2719
3267 2702
3268 1972
3269 2452
3270 2603
3271 2601
3272 3253
3273 2955
3274 2459
3275 1818
3276 2080
3277 3381
3278 3343
3279 2658
3280 2760
3281 2091
3282 2709
3283 3189
3284 3021
3285 2671
3286 2622
3287 2500
3288 2117
3289 2215
3290 2877
3291 3086
3292 2554
3293 2530
3294 2060
3295 2220
3296 2807
3297 2979
3298 2728
3299 2939
3300 2387
3301 2479
3302 3208
3303 3031
3304 2829
3305 3113
3306 2735
3307 2171
3308 2296
3309 2994
3310 3140
3311 3343
3312 3318
3313 2474
3314 2540
3315 3268
3316 3190
3317 2855
3318 2711
3319 2920
3320 2411
3321 2374
3322 2929
3323 3100
3324 3218
3325 2755
3326 2164
3327 2295
3328 3111
3329 3599
3330 3149
3331 2906
3332 2107
3333 2383
3334 3688
3335 3435
3336 3448
3337 3070
3338 2892
3339 2276
3340 2307
3341 3258
3342 3500
3343 3368
3344 2845
3345 2399
3346 2418
3347 3415
3348 3622
3349 2828
3350 2840
3351 3025
3352 2275
3353 2812
3354 3581
3355 3809
3356 3106
3357 2881
3358 2113
3359 2441
3360 3182
3361 3160
3362 3272
3363 2925
3364 2077
3365 2531
3366 3346
3367 3622
3368 3224
3369 3085
3370 3051
3371 2342
3372 2397
3373 3162
3374 3451
3375 3203
3376 2749
3377 2408
3378 2725
3379 3573
3380 3346
3381 3431
3382 3186
3383 3075
3384 2585
3385 2478
3386 3410
3387 3671
3388 3088
3389 3145
3390 2616
3391 2750
3392 3246
3393 3414
3394 3423
3395 3452
3396 2777
3397 2625
3398 4294
3399 3800
3400 3355
3401 3155
3402 3093
3403 2472
3404 2895
3405 3201
3406 3291
3407 3278
3408 3425
3409 2415
3410 3088
3411 3579
3412 3354
3413 3261
3414 3337
3415 3368
3416 2807
3417 2876
3418 3578
3419 3802
3420 3337
3421 3353
3422 2724
3423 3149
3424 3596
3425 3650
3426 3587
3427 3297
3428 2903
3429 3329
3430 3957
3431 3894
3432 4248
3433 3929
3434 3654
3435 2935
3436 3325
3437 3669
3438 4069
3439 3734
3440 3486
3441 3054
3442 3135
3443 3841
3444 4055
3445 4055
3446 3828
3447 3704
3448 2921
3449 3223
3450 3933
3451 4497
3452 3969
3453 4234
3454 3588
3455 3358
3456 4531
3457 4715
3458 4098
3459 4256
3460 3430
3461 3477
3462 4259
3463 4223
3464 4629
3465 4681
3466 4149
3467 3555
3468 3494
3469 4326
3470 5108
3471 4155
3472 4266
3473 3596
3474 3690
3475 4874
3476 5011
3477 4793
3478 4496
3479 4317
3480 4282
3481 4337
3482 4775
3483 4779
3484 5008
3485 4928
3486 4299
3487 4473
3488 5471
3489 5836
3490 5091
3491 5071
3492 4081
3493 4689
3494 5326
3495 5512
3496 5265
3497 5297
3498 5641
3499 4686
3500 5084
3501 5406
3502 5310
3503 5249
3504 5122
3505 5020
3506 4901
3507 5704
3508 5901
3509 5598
3510 5840
3511 6044
3512 5172
3513 5532
3514 6549
3515 6257
3516 5876
3517 5773
3518 5198
3519 6041
3520 6218
3521 6724
3522 6206
3523 6122
3524 5512
3525 6106
3526 6896
3527 6998
3528 6723
3529 6749
3530 6988
3531 6392
3532 6665
3533 8053
3534 8094
3535 7954
3536 7500
3537 6800
3538 7560
3539 9329
3540 9014
3541 9703
3542 9298
3543 9396
3544 9407
3545 10586
3546 12192
3547 12519
3548 12934
3549 13678
3550 13513
3551 15301
3552 18981
3553 21986
3554 27784
3555 36159
3556 84225
3557 258883
3558 468717
3559 488541
3560 489163
3561 481943
3562 476152
3563 476128
3564 476062
3565 476194
3566 476716
3567 476817
3568 475686
3569 475194
3570 471739
3571 468342
3572 464920
3573 459852
3574 456987
3575 452954
3576 442884
3577 444216
3578 460606
3579 460772
3580 478314
3581 430373
3582 272633
3583 155712
3584 102178
3585 59096
3586 33916
3587 26722
3588 22867
3589 21595
3590 20377
3591 19855
3592 18093
3593 17163
3594 16996
3595 14456
3596 13346
3597 13829
3598 13394
3599 11780
3600 10496
3601 10172
3602 9999
3603 10318
3604 10173
3605 10102
3606 9721
3607 8834
3608 7734
3609 8002
3610 8664
3611 8554
3612 8318
3613 8204
3614 6686
3615 6821
3616 7934
3617 7909
3618 7514
3619 7033
3620 6405
3621 6814
3622 6956
3623 7052
3624 6740
3625 6220
3626 6611
3627 6226
3628 6120
3629 6522
3630 6446
3631 5978
3632 6412
3633 5980
3634 5873
3635 5623
3636 5371
3637 5302
3638 5458
3639 5838
3640 5131
3641 5271
3642 5512
3643 5753
3644 5641
3645 5470
3646 4519
3647 4829
3648 5281
3649 5538
3650 5341
3651 5054
3652 4385
3653 4385
3654 5582
3655 5675
3656 5392
3657 5046
3658 5676
3659 4922
3660 4553
3661 5122
3662 4994
3663 4857
3664 4973
3665 4504
3666 4465
3667 5162
3668 5281
3669 5228
3670 4935
3671 5104
3672 4400
3673 4235
3674 4980
3675 5599
3676 5290
3677 4966
3678 3971
3679 3948
3680 4636
3681 4852
3682 5176
3683 4855
3684 3644
3685 3936
3686 5050
3687 4639
3688 4713
3689 4837
3690 4877
3691 3905
3692 4082
3693 4462
3694 4510
3695 4196
3696 3762
3697 3261
3698 3475
3699 4201
3700 4576
3701 4100
3702 4655
3703 4140
3704 3151
3705 3222
3706 4320
3707 4505
3708 3605
3709 4081
3710 3104
3711 3317
3712 3884
3713 4027
3714 4048
3715 4028
3716 3631
3717 3465
3718 4062
3719 4012
3720 3819
3721 3615
3722 3329
3723 2858
3724 2854
3725 4236
3726 4177
3727 3596
3728 3306
3729 2720
3730 3464
3731 3712
3732 4219
3733 4372
3734 4037
3735 3659
3736 3059
3737 3437
3738 3824
3739 3960
3740 3829
3741 3547
3742 2716
3743 3134
3744 5257
3745 4740
3746 4075
3747 4169
3748 3186
3749 3388
3750 4018
3751 3580
3752 3667
3753 3350
3754 3614
3755 2825
3756 3190
3757 3505
3758 3820
3759 3800
3760 3306
3761 2674
3762 2540
3763 3370
3764 3523
3765 3296
3766 3411
3767 2966
3768 2665
3769 2488
3770 3686
3771 3501
3772 3363
3773 3003
3774 2367
3775 3180
3776 3492
3777 3560
3778 3480
3779 3152
3780 3000
3781 2544
3782 3244
3783 3935
3784 3186
3785 2665
3786 2765
3787 2407
3788 2542
3789 3273
3790 3221
3791 3030
3792 2709
3793 2293
3794 2553
3795 3354
3796 3306
3797 3235
3798 3026
3799 2918
3800 2417
3801 2686
3802 3249
3803 3377
3804 3226
3805 3163
3806 2450
3807 2628
3808 3585
3809 3257
3810 3303
3811 3196
3812 2448
3813 2492
3814 3546
3815 4059
3816 3423
3817 3230
3818 3468
3819 2695
3820 2944
3821 3586
3822 3761
3823 3307
3824 3253
3825 2760
3826 2869
3827 3299
3828 3305
3829 3553
3830 3740
3831 3327
3832 2419
3833 2529
3834 3333
3835 3864
3836 3196
3837 3137
3838 2285
3839 2422
3840 2874
3841 3072
3842 3322
3843 2961
3844 2017
3845 1951
3846 3410
3847 3070
3848 3142
3849 2997
3850 2779
3851 2373
3852 2761
3853 3100
3854 3207
3855 3197
3856 2730
3857 2100
3858 2131
3859 3006
3860 3072
3861 2944
3862 3007
3863 3032
3864 2021
3865 2209
3866 3051
3867 3250
3868 3029
3869 2601
3870 1981
3871 2320
3872 3450
3873 3279
3874 2886
3875 2814
3876 2443
3877 2700
3878 3245
3879 3250
3880 2977
3881 2941
3882 3204
3883 2433
3884 2919
3885 3259
3886 3191
3887 2905
3888 2764
3889 2336
3890 2527
3891 3032
3892 3183
3893 2961
3894 3136
3895 2974
3896 2307
3897 2484
3898 2887
3899 3111
3900 2804
3901 2844
3902 2356
3903 2741
3904 3294
3905 3338
3906 2860
3907 2736
3908 2146
3909 2238
3910 3095
3911 3094
3912 3310
3913 3105
3914 2763
3915 2159
3916 2484
3917 3795
3918 3122
3919 3121
3920 2790
3921 2323
3922 2272
3923 2801
3924 2935
3925 2930
3926 2728
3927 2509
3928 2096
3929 3416
3930 3570
3931 3160
3932 2651
3933 2575
3934 2068
3935 2160
3936 3299
3937 3104
3938 3026
3939 2662
3940 1939
3941 2055
3942 2928
3943 3001
3944 2838
3945 2923
3946 2698
3947 2389
3948 2666
3949 2808
3950 2773
3951 2547
3952 2625
3953 2144
3954 2075
3955 3987
3956 3186
3957 3001
3958 2967
3959 2831
3960 2129
3961 2459
3962 2778
3963 2906
3964 2966
3965 2981
3966 2074
3967 2135
3968 3207
3969 3298
3970 2763
3971 2590
3972 1977
3973 2141
3974 2801
3975 2775
3976 2896
3977 2867
3978 2788
3979 1976
3980 2041
3981 2895
3982 1816
3983 2078
3984 2183
3985 2034
3986 1942
3987 2417
3988 2070
3989 1900
3990 1774
3991 2004
3992 1862
3993 2402
3994 2552
3995 2192
3996 1940
3997 1991
3998 2131
3999 2234
4000 2304
4001 2335
4002 2504
4003 2014
4004 1674
4005 2173
4006 2562
4007 2450
4008 2245
4009 1930
4010 1888
4011 2439
4012 2096
4013 2554
4014 2438
4015 2204
4016 2149
4017 2179
4018 2194
4019 2483
4020 2474
4021 2360
4022 2092
4023 2301
4024 2302
4025 2382
4026 2464
4027 2475
4028 2090
4029 2390
4030 2539
4031 2528
4032 2476
4033 2468
4034 2298
4035 1211
4036 1512
4037 2189
4038 2472
4039 2052
4040 2034
4041 1204
4042 1255
4043 2552
4044 2413
4045 2151
4046 2250
4047 1298
4048 1224
4049 2321
4050 2021
4051 1723
4052 1875
4053 1814
4054 1133
4055 1573
4056 2095
4057 2479
4058 2242
4059 2387
4060 1135
4061 1276
4062 1955
4063 2039
4064 1815
4065 1759
4066 1904
4067 1150
4068 1801
4069 2245
4070 2406
4071 2097
4072 2186
4073 1525
4074 1492
4075 2099
4076 2232
4077 2332
4078 1981
4079 1290
4080 1751
4081 2125
4082 2782
4083 2454
4084 2363
4085 2054
4086 1126
4087 1145
4088 2529
4089 2408
4090 2110
4091 1910
4092 1254
4093 1789
4094 2563
4095 2518
4096 2217
4097 2079
4098 1722
4099 1101
4100 1617
4101 1966
4102 1994
4103 1813
4104 1604
4105 1268
4106 1417
4107 2085
4108 1988
4109 2041
4110 1987
4111 1608
4112 1285
4113 1725
4114 1868
4115 1434
4116 1938
4117 1701
4118 950
4119 1280
4120 2250
4121 2631
4122 2064
4123 1939
4124 1141
4125 1071
4126 1705
4127 2092
4128 2210
4129 2028
4130 1779
4131 1224
4132 1162
4133 1950
4134 2155
4135 1526
4136 1834
4137 1187
4138 1269
4139 2293
4140 2432
4141 1924
4142 1774
4143 1753
4144 1633
4145 2146
4146 2126
4147 2043
4148 2048
4149 1746
4150 925
4151 1559
4152 1928
4153 2020
4154 1580
4155 1473
4156 1114
4157 1493
4158 2467
4159 2007
4160 1759
4161 1681
4162 1915
4163 1351
4164 1442
4165 2293
4166 2057
4167 1937
4168 1696
4169 1005
4170 1158
4171 2099
4172 1930
4173 1676
4174 2092
4175 1144
4176 1343
4177 2384
4178 2430
4179 1739
4180 1655
4181 1736
4182 1380
4183 1395
4184 2275
4185 2035
4186 2088
4187 1925
4188 1295
4189 1375
4190 2721
4191 2418
4192 1901
4193 1839
4194 1520
4195 2355
4196 1893
4197 2793
4198 2074
4199 2464
4200 1801
4201 965
4202 1457
4203 1775
4204 2284
4205 1754
4206 2045
4207 1283
4208 1620
4209 2011
4210 2200
4211 1858
4212 1954
4213 1809
4214 1180
4215 1516
4216 2252
4217 2189
4218 2026
4219 1985
4220 1235
4221 1654
4222 2298
4223 1938
4224 1732
4225 1460
4226 1567
4227 972
4228 1635
4229 2176
4230 2151
4231 1600
4232 1507
4233 865
4234 1326
4235 1856
4236 2412
4237 1928
4238 1789
4239 1114
4240 1294
4241 2306
4242 2081
4243 1696
4244 1868
4245 1731
4246 983
4247 1433
4248 2037
4249 2204
4250 2002
4251 1960
4252 1115
4253 1271
4254 2079
4255 2199
4256 1819
4257 2044
4258 1793
4259 1107
4260 1207
4261 2233
4262 2630
4263 1986
4264 1815
4265 1289
4266 2305
4267 2209
4268 2000
4269 2188
4270 2128
4271 1021
4272 1167
4273 2393
4274 2079
4275 1819
4276 2000
4277 1742
4278 1240
4279 1498
4280 2445
4281 2727
4282 1907
4283 1538
4284 1465
4285 1437
4286 2214
4287 1944
4288 2253
4289 1881
4290 2095
4291 1172
4292 1551
4293 2371
4294 2012
4295 1884
4296 1964
4297 1575
4298 1809
4299 2344
4300 2818
4301 2626
4302 2882
4303 2256
4304 2827
4305 3911
4306 4398
4307 3568
4308 3456
4309 3116
4310 2735
4311 2844
4312 4044
4313 4361
4314 3733
4315 3148
4316 2118
4317 2819
4318 3497
4319 3544
4320 3239
4321 3042
4322 3361
4323 2573
4324 2691
4325 3729
4326 3498
4327 3216
4328 2193
4329 1435
4330 1732
4331 1937
4332 2085
4333 2009
4334 1958
4335 1338
4336 1640
4337 2102
4338 2067
4339 2240
4340 2294
4341 1836
4342 1167
4343 1867
4344 2364
4345 2286
4346 2040
4347 1632
4348 1309
4349 1580
4350 2450
4351 2284
4352 2579
4353 3000
4354 2071
4355 1346
4356 1681
4357 2349
4358 2837
4359 2490
4360 1850
4361 1369
4362 1592
4363 2656
4364 2463
4365 1955
4366 2139
4367 1505
4368 1679
4369 2252
4370 2432
4371 2276
4372 2050
4373 1753
4374 1439
4375 1993
4376 1887
4377 1942
4378 2023
4379 3477
4380 1658
4381 1274
4382 2069
4383 2122
4384 2090
4385 1906
4386 1564
4387 1397
4388 1761
4389 2388
4390 2168
4391 2063
4392 2151
4393 1452
4394 1441
4395 2067
4396 2028
4397 1676
4398 2037
4399 1521
4400 1623
4401 1694
4402 1563
4403 1756
4404 1974
4405 2189
4406 1174
4407 1894
4408 1851
4409 1728
4410 1963
4411 2261
4412 1269
4413 1607
4414 2082
4415 2849
4416 1989
4417 1855
4418 2743
4419 2220
4420 1684
4421 2190
4422 1983
4423 2078
4424 1664
4425 1345
4426 1565
4427 1876
4428 2180
4429 1912
4430 2460
4431 1177
4432 1468
4433 2686
4434 2397
4435 1857
4436 1484
4437 1583
4438 937
4439 1634
4440 2022
4441 2487
4442 1939
4443 2014
4444 1191
4445 1570
4446 2093
4447 2105
4448 2224
4449 2031
4450 1980
4451 1645
4452 1844
4453 2091
4454 2026
4455 2500
4456 2303
4457 1211
4458 1368
4459 2608
4460 2230
4461 2004
4462 2425
4463 1607
4464 1529
4465 2155
4466 2002
4467 2036
4468 1785
4469 1646
4470 1761
4471 1853
4472 2765
4473 2539
4474 2839
4475 3228
4476 2440
4477 2573
4478 2939
4479 3204
4480 2968
4481 2793
4482 2603
4483 2220
4484 2122
4485 2774
4486 2904
4487 3129
4488 2859
4489 1963
4490 1927
4491 3374
4492 3364
4493 3398
4494 3185
4495 1997
4496 1910
4497 3578
4498 2967
4499 2247
4500 2341
4501 2274
4502 1517
4503 1437
4504 2480
4505 2061
4506 2286
4507 2343
4508 1429
4509 1492
4510 2586
4511 2492
4512 2054
4513 1900
4514 2053
4515 1786
4516 2125
4517 2403
4518 2510
4519 2117
4520 2067
4521 1272
4522 1445
4523 1993
4524 2065
4525 1957
4526 2120
4527 1279
4528 1580
4529 1948
4530 2224
4531 2506
4532 2147
4533 2153
4534 1484
4535 1512
4536 3256
4537 2728
4538 2110
4539 1711
4540 1259
4541 1603
4542 2269
4543 2286
4544 2506
4545 2273
4546 2558
4547 1436
4548 1658
4549 2371
4550 2403
4551 1986
4552 2253
4553 1578
4554 1848
4555 2622
4556 2480
4557 2247
4558 2631
4559 1682
4560 1560
4561 2456
4562 2649
4563 2182
4564 2304
4565 2444
4566 1469
4567 1837
4568 2308
4569 2067
4570 2052
4571 1910
4572 1396
4573 1889
4574 2201
4575 2430
4576 2167
4577 2314
4578 1811
4579 1456
4580 1912
4581 2121
4582 2323
4583 2190
4584 2086
4585 1251
4586 1583
4587 2275
4588 2145
4589 1975
4590 2840
4591 1429
4592 1842
4593 2860
4594 2916
4595 2179
4596 2276
4597 2136
4598 1422
4599 2005
4600 2382
4601 2789
4602 2405
4603 2375
4604 1477
4605 2003
4606 2685
4607 2788
4608 2440
4609 2017
4610 2524
4611 1736
4612 1559
4613 2258
4614 2392
4615 2456
4616 2691
4617 1822
4618 1654
4619 2629
4620 2670
4621 2071
4622 2495
4623 1549
4624 2121
4625 3011
4626 2679
4627 2022
4628 2416
4629 2178
4630 1341
4631 1599
4632 2607
4633 2402
4634 2323
4635 2021
4636 1945
4637 1995
4638 2853
4639 2762
4640 2530
4641 2158
4642 2116
4643 1724
4644 1486
4645 2425
4646 2608
4647 2393
4648 2041
4649 1379
4650 1590
4651 2550
4652 2645
4653 2519
4654 2415
4655 2082
4656 1770
4657 2302
4658 2474
4659 2394
4660 2267
4661 2019
4662 1456
4663 1833
4664 2805
4665 2871
4666 3026
4667 2302
4668 1821
4669 1875
4670 2480
4671 2527
4672 2607
4673 2097
4674 2603
4675 1515
4676 2030
4677 3308
4678 2611
4679 2367
4680 2262
4681 1379
4682 1646
4683 3265
4684 2828
4685 2319
4686 2351
4687 1538
4688 1895
4689 2784
4690 2859
4691 2548
4692 2404
4693 2280
4694 1685
4695 1948
4696 2822
4697 2684
4698 2736
4699 2635
4700 2144
4701 2101
4702 2790
4703 2324
4704 2273
4705 2605
4706 2566
4707 1815
4708 2288
4709 3019
4710 2814
4711 2723
4712 2469
4713 1485
4714 1940
4715 2666
4716 2810
4717 4466
4718 2997
4719 1712
4720 1611
4721 2510
4722 2749
4723 2769
4724 2416
4725 2329
4726 1593
4727 1933
4728 2454
4729 2529
4730 2503
4731 2465
4732 1750
4733 1968
4734 2572
4735 3087
4736 2629
4737 2636
4738 2358
4739 1510
4740 1861
4741 2406
4742 3179
4743 2583
4744 2636
4745 1362
4746 2294
4747 3290
4748 3385
4749 2676
4750 2618
4751 1440
4752 1736
4753 2547
4754 2827
4755 2701
4756 2249
4757 3159
4758 2129
4759 2380
4760 3093
4761 2837
4762 2634
4763 2312
4764 1570
4765 1959
4766 2958
4767 3169
4768 2890
4769 2761
4770 2729
4771 1943
4772 2084
4773 3020
4774 3124
4775 2596
4776 2276
4777 1641
4778 1667
4779 2706
4780 2598
4781 3438
4782 2782
4783 1801
4784 1573
4785 2728
4786 3142
4787 2406
4788 2184
4789 2401
4790 1306
4791 1680
4792 2495
4793 2968
4794 2327
4795 2270
4796 1880
4797 1690
4798 2532
4799 2850
4800 2531
4801 2468
4802 2173
4803 1575
4804 1564
4805 2586
4806 2379
4807 2218
4808 2408
4809 2289
4810 1879
4811 1960
4812 2073
4813 2162
4814 2559
4815 1883
4816 1783
4817 2081
4818 2149
4819 2100
4820 2091
4821 1997
4822 1325
4823 3226
4824 2666
4825 2754
4826 2383
4827 2068
4828 1444
4829 2015
4830 2930
4831 2428
4832 2462
4833 2634
4834 2588
4835 1585
4836 2197
4837 2582
4838 2750
4839 2227
4840 2633
4841 1521
4842 1638
4843 2643
4844 2438
4845 2058
4846 2710
4847 1773
4848 1567
4849 3102
4850 3005
4851 2571
4852 2539
4853 1922
4854 1771
4855 1958
4856 2816
4857 2520
4858 2205
4859 2613
4860 1774
4861 2095
4862 2672
4863 2994
4864 2668
4865 2034
4866 1994
4867 1558
4868 1949
4869 2732
4870 2819
4871 2798
4872 2562
4873 1668
4874 2087
4875 2775
4876 3273
4877 2397
4878 2382
4879 1890
4880 2064
4881 2773
4882 3446
4883 3160
4884 2593
4885 2252
4886 1913
4887 2117
4888 3157
4889 3212
4890 2652
4891 2973
4892 2145
4893 2354
4894 3119
4895 2720
4896 2562
4897 2353
4898 2744
4899 1848
4900 2022
4901 2772
4902 2904
4903 3246
4904 2600
4905 1562
4906 2338
4907 3013
4908 3406
4909 2613
4910 2875
4911 2013
4912 2042
4913 3017
4914 3049
4915 2799
4916 3129
4917 2680
4918 1659
4919 1810
4920 2976
4921 2877
4922 2698
4923 3087
4924 1811
4925 2139
4926 3188
4927 3291
4928 2829
4929 2833
4930 2673
4931 1714
4932 2099
4933 2819
4934 2720
4935 2677
4936 2796
4937 1749
4938 1905
4939 3210
4940 2732
4941 2406
4942 2416
4943 1837
4944 1961
4945 2947
4946 2937
4947 2768
4948 2294
4949 2443
4950 1927
4951 1904
4952 2920
4953 3012
4954 3261
4955 2943
4956 1866
4957 2132
4958 3222
4959 2952
4960 3236
4961 3024
4962 2783
4963 1752
4964 2083
4965 3828
4966 3376
4967 3520
4968 3076
4969 2257
4970 2672
4971 3458
4972 3406
4973 3214
4974 3101
4975 2220
4976 2340
4977 3097
4978 3740
4979 5170
4980 3790
4981 2887
4982 1907
4983 2096
4984 3466
4985 3558
4986 2984
4987 2994
4988 2544
4989 2696
4990 3449
4991 3146
4992 2589
4993 2581
4994 2773
4995 2477
4996 2471
4997 3016
4998 3125
4999 3186
5000 3069
5001 2033
5002 2336
5003 2867
5004 3114
5005 6603
5006 4104
5007 1931
5008 2400
5009 3146
5010 3179
5011 3382
5012 2978
5013 3142
5014 2471
5015 2682
5016 3391
5017 3208
5018 3037
5019 3050
5020 2208
5021 2525
5022 3481
5023 3316
5024 2895
5025 2811
5026 3132
5027 2207
5028 2775
5029 3438
5030 3333
5031 3312
5032 3006
5033 2426
5034 2425
5035 3730
5036 3232
5037 2941
5038 3234
5039 2405
5040 2599
5041 3500
5042 3466
5043 3226
5044 2941
5045 3134
5046 2464
5047 2599
5048 3614
5049 3291
5050 3690
5051 3060
5052 2332
5053 2782
5054 3659
5055 3465
5056 3341
5057 3317
5058 2965
5059 2385
5060 2451
5061 3440
5062 3872
5063 3508
5064 3198
5065 2400
5066 2835
5067 3915
5068 3248
5069 3482
5070 3659
5071 2579
5072 2390
5073 3536
5074 3636
5075 3499
5076 3555
5077 3184
5078 2142
5079 2992
5080 4392
5081 4091
5082 3685
5083 3679
5084 2892
5085 3073
5086 3828
5087 3632
5088 3359
5089 6261
5090 4070
5091 2477
5092 2955
5093 3887
5094 4055
5095 4082
5096 3654
5097 3226
5098 3384
5099 4828
5100 4615
5101 4083
5102 4270
5103 3218
5104 3463
5105 4731
5106 3830
5107 3909
5108 4341
5109 3820
5110 2888
5111 3665
5112 4194
5113 3969
5114 3785
5115 4083
5116 2668
5117 3068
5118 3516
5119 3338
5120 3350
5121 3248
5122 3379
5123 2475
5124 2848
5125 3575
5126 3741
5127 3168
5128 3087
5129 2689
5130 2840
5131 4002
5132 3683
5133 3409
5134 3784
5135 2974
5136 3476
5137 3613
5138 3580
5139 3331
5140 3729
5141 3250
5142 2722
5143 2777
5144 3637
5145 3607
5146 3122
5147 2933
5148 2269
5149 3003
5150 3642
5151 3472
5152 3637
5153 3583
5154 3274
5155 2329
5156 2885
5157 3357
5158 3399
5159 3016
5160 2756
5161 2438
5162 2605
5163 3178
5164 3426
5165 3679
5166 3773
5167 2861
5168 2705
5169 3313
5170 3509
5171 3426
5172 3340
5173 3999
5174 2482
5175 2755
5176 3356
5177 3445
5178 3131
5179 2913
5180 2014
5181 2528
5182 3345
5183 3399
5184 3571
5185 3691
5186 3624
5187 2242
5188 2565
5189 3420
5190 3409
5191 3552
5192 3092
5193 1990
5194 2780
5195 3684
5196 3786
5197 3348
5198 3530
5199 2356
5200 2693
5201 3641
5202 3900
5203 3362
5204 3625
5205 3702
5206 2699
5207 2904
5208 15818
5209 6617
5210 3167
5211 3290
5212 2551
5213 3389
5214 3666
5215 3398
5216 3555
5217 3391
5218 3953
5219 3720
5220 3148
5221 3645
5222 3949
5223 4012
5224 3572
5225 3223
5226 3079
5227 3736
5228 4600
5229 4186
5230 3917
5231 2727
5232 2765
5233 3405
5234 3766
5235 3396
5236 3308
5237 2877
5238 2198
5239 2953
5240 3711
5241 3257
5242 3033
5243 2955
5244 2437
5245 2553
5246 3596
5247 3750
5248 3686
5249 3496
5250 3125
5251 2593
5252 2986
5253 3638
5254 3795
5255 3737
5256 3012
5257 2384
5258 3141
5259 3839
5260 4036
5261 3632
5262 3522
5263 2279
5264 3265
5265 3588
5266 3297
5267 3264
5268 3440
5269 3220
5270 2540
5271 2439
5272 3373
5273 3362
5274 3404
5275 3974
5276 2569
5277 2298
5278 3678
5279 3658
5280 3461
5281 3616
5282 3698
5283 2436
5284 2245
5285 3500
5286 3572
5287 3510
5288 3171
5289 2436
5290 2748
5291 3810
5292 3845
5293 3433
5294 3908
5295 3168
5296 2981
5297 3428
5298 3715
5299 3808
5300 3853
5301 4628
5302 2835
5303 3585
5304 4419
5305 4087
5306 3547
5307 3685
5308 2916
5309 3057
5310 3920
5311 4113
5312 3739
5313 3348
5314 3287
5315 2433
5316 3151
5317 4240
5318 4066
5319 3664
5320 3796
5321 3044
5322 3615
5323 3475
5324 4412
5325 3346
5326 3306
5327 2411
5328 2826
5329 3883
5330 3732
5331 3494
5332 3461
5333 3952
5334 3250
5335 3413
5336 4483
5337 4058
5338 4178
5339 3896
5340 3020
5341 2917
5342 4109
5343 4022
5344 3841
5345 3821
5346 3861
5347 2971
5348 3459
5349 4524
5350 4350
5351 3941
5352 3874
5353 3181
5354 3543
5355 4536
5356 4351
5357 3757
5358 4222
5359 2755
5360 3095
5361 3954
5362 4057
5363 3949
5364 3915
5365 3560
5366 3112
5367 3301
5368 4174
5369 3890
5370 4034
5371 4199
5372 3085
5373 3367
5374 4172
5375 4058
5376 3612
5377 3969
5378 3633
5379 3540
5380 4067
5381 4156
5382 4251
5383 3875
5384 4212
5385 2978
5386 2858
5387 3672
5388 4317
5389 4164
5390 3925
5391 2895
5392 10354
5393 4390
5394 3962
5395 3840
5396 3840
5397 3613
5398 2309
5399 3246
5400 3754
5401 4004
5402 3728
5403 3702
5404 2916
5405 3049
5406 3556
5407 3535
5408 3782
5409 4200
5410 3573
5411 2316
5412 2925
5413 3916
5414 4089
5415 4315
5416 3384
5417 2478
5418 2295
5419 4080
5420 3755
5421 3724
5422 3960
5423 2677
5424 2936
5425 3894
5426 3571
5427 3818
5428 3992
5429 3613
5430 2900
5431 3506
5432 4087
5433 4400
5434 3871
5435 3457
5436 2532
5437 3397
5438 4174
5439 3993
5440 4038
5441 3659
5442 3870
5443 2997
5444 3372
5445 3997
5446 3948
5447 3674
5448 3861
5449 3385
5450 3554
5451 4090
5452 4357
5453 4252
5454 4794
5455 3403
5456 3710
5457 4528
5458 5017
5459 4566
5460 4144
5461 4717
5462 3150
5463 3298
5464 4923
5465 4460
5466 4232
5467 4025
5468 3024
5469 3421
5470 4330
5471 4159
5472 3974
5473 4008
5474 4142
5475 2901
5476 3793
5477 5210
5478 4230
5479 4330
5480 4020
5481 3163
5482 3247
5483 4337
5484 4051
5485 4355
5486 4153
5487 2969
5488 3666
5489 4260
5490 5086
5491 4428
5492 3947
5493 3873
5494 3447
5495 3419
5496 4477
5497 4569
5498 4616
5499 4407
5500 3135
5501 3162
5502 4484
5503 3883
5504 3737
5505 4032
5506 3680
5507 2838
5508 2888
5509 4337
5510 4248
5511 4232
5512 3712
5513 2801
5514 3042
5515 4098
5516 3777
5517 3520
5518 3657
5519 2894
5520 2935
5521 4492
5522 4155
5523 3506
5524 3842
5525 3615
5526 2546
5527 3444
5528 4046
5529 4154
5530 3749
5531 3386
5532 2475
5533 3060
5534 3929
5535 3862
5536 4069
5537 3938
5538 3760
5539 2731
5540 3321
5541 3862
5542 3603
5543 3651
5544 3646
5545 2825
5546 2876
5547 3564
5548 3538
5549 3881
5550 3979
5551 2869
5552 2877
5553 4673
5554 4239
5555 3971
5556 3507
5557 3396
5558 2902
5559 3174
5560 4380
5561 3473
5562 3782
5563 3688
5564 2789
5565 3098
5566 4100
5567 4243
5568 4101
5569 3724
5570 4183
5571 3085
5572 2654
5573 4042
5574 4715
5575 3685
5576 3589
5577 2321
5578 2430
5579 3706
5580 3761
5581 3288
5582 3876
5583 2939
5584 2650
5585 3621
5586 3756
5587 3288
5588 3251
5589 3141
5590 2684
5591 2948
5592 3270
5593 3430
5594 3240
5595 3086
5596 2043
5597 2520
5598 3702
5599 3153
5600 3383
5601 3292
5602 3233
5603 2416
5604 3078
5605 3949
5606 3811
5607 3603
5608 3126
5609 2398
5610 3252
5611 3618
5612 4295
5613 3744
5614 3807
5615 3590
5616 3490
5617 4392
5618 4014
5619 3605
5620 3254
5621 3681
5622 3342
5623 2983
5624 4025
5625 4006
5626 4010
5627 4301
5628 3808
5629 3411
5630 4528
5631 3922
5632 3603
5633 3555
5634 3772
5635 2663
5636 3117
5637 3719
5638 3593
5639 3625
5640 3309
5641 2981
5642 6472
5643 4262
5644 3903
5645 3879
5646 4245
5647 3129
5648 3079
5649 4301
5650 4542
5651 3936
5652 3724
5653 3417
5654 2493
5655 2930
5656 9317
5657 6541
5658 7290
5659 9533
5660 11456
5661 15572
5662 20975
5663 22693
5664 24113
5665 26809
5666 26446
5667 25243
5668 24710
5669 26133
5670 25818
5671 25413
5672 25058
5673 23536
5674 23517
5675 24347
5676 23977
5677 23811
5678 23370
5679 22921
5680 23327
5681 24362
5682 24885
5683 23851
5684 22116
5685 20045
5686 17182
5687 14106
5688 11006
5689 9540
5690 7085
5691 5469
5692 3668
5693 4415
5694 4821
5695 4778
5696 4284
5697 4083
5698 4116
5699 4136
5700 6052
5701 4502
5702 4754
5703 4201
5704 4101
5705 3318
5706 3788
5707 4493
5708 3947
5709 3995
5710 3861
5711 2756
5712 3200
5713 4399
5714 4068
5715 4179
5716 3921
5717 3570
5718 3573
5719 3189
5720 4167
5721 3820
5722 3870
5723 3604
5724 2927
5725 2872
5726 3865
5727 4190
5728 4039
5729 3850
5730 3664
5731 3560
5732 3448
5733 4316
5734 3989
5735 3804
5736 4040
5737 2997
5738 3240
5739 4198
5740 3832
5741 4057
5742 4075
5743 2756
5744 3318
5745 3953
5746 4167
5747 3897
5748 3937
5749 3665
5750 2989
5751 3700
5752 4121
5753 4153
5754 3628
5755 3756
5756 2639
5757 2806
5758 3546
5759 4109
5760 3847
5761 3547
5762 3316
5763 2598
5764 2867
5765 4055
5766 4147
5767 3997
5768 3499
5769 2422
5770 2890
5771 4372
5772 3947
5773 3902
5774 3920
5775 3700
5776 3433
5777 4378
5778 4173
5779 3977
5780 3798
5781 4224
5782 2758
5783 3125
5784 4347
5785 4418
5786 3986
5787 3691
5788 3361
5789 3347
5790 3942
5791 4391
5792 3998
5793 3667
5794 3555
5795 2827
5796 3307
5797 4720
5798 4319
5799 3976
5800 3729
5801 3218
5802 3459
5803 4641
5804 4308
5805 4043
5806 4160
5807 3040
5808 3246
5809 4303
5810 4375
5811 4348
5812 3799
5813 3791
5814 3025
5815 3385
5816 3925
5817 3939
5818 3974
5819 3665
5820 3054
5821 3604
5822 4082
5823 4184
5824 4383
5825 4474
5826 4211
5827 3161
5828 3109
5829 4313
5830 4201
5831 4293
5832 4040
5833 2930
5834 3542
5835 4181
5836 4182
5837 3909
5838 3779
5839 3020
5840 3351
5841 5004
5842 4638
5843 4019
5844 3992
5845 3489
5846 3094
5847 3577
5848 4132
5849 4158
5850 3973
5851 3987
5852 2794
5853 3195
5854 4284
5855 4160
5856 4283
5857 3949
5858 3664
5859 2829
5860 3139
5861 4649
5862 4266
5863 4617
5864 4436
5865 3057
5866 3783
5867 4176
5868 4235
5869 4099
5870 4009
5871 3198
5872 3693
5873 4075
5874 4841
5875 4501
5876 4257
5877 3977
5878 3105
5879 3874
5880 4477
5881 4400
5882 3987
5883 3933
5884 3286
5885 3636
5886 4290
5887 4087
5888 4224
5889 4005
5890 4241
5891 3841
5892 3683
5893 4333
5894 4653
5895 4064
5896 3744
5897 3538
5898 3222
5899 4559
5900 4885
5901 4505
5902 4324
5903 3346
5904 3467
5905 4898
5906 4396
5907 4013
5908 4229
5909 4366
5910 3257
5911 3952
5912 4573
5913 4398
5914 4263
5915 4541
5916 3699
5917 4057
5918 4982
5919 4584
5920 4239
5921 4225
5922 4370
5923 3522
5924 4090
5925 4284
5926 4487
5927 4280
5928 4001
5929 3232
5930 3660
5931 4761
5932 4481
5933 4226
5934 4751
5935 3476
5936 3661
5937 4569
5938 4829
5939 4370
5940 4352
5941 4212
5942 4509
5943 3948
5944 5138
5945 5238
5946 4390
5947 4329
5948 3786
5949 3853
5950 4902
5951 4459
5952 4912
5953 4593
5954 4525
5955 3885
5956 3866
5957 4943
5958 4752
5959 4695
5960 4011
5961 3164
5962 3884
5963 4820
5964 4945
5965 4553
5966 5258
5967 3662
5968 4348
5969 4635
5970 4482
5971 4535
5972 4229
5973 4300
5974 3399
5975 4395
5976 5245
5977 5117
5978 4452
5979 4517
5980 3544
5981 3938
5982 4933
5983 4744
5984 4503
5985 4696
5986 4401
5987 3656
5988 4303
5989 5464
5990 5247
5991 5206
5992 4713
5993 3949
5994 3712
5995 4864
5996 4815
5997 4636
5998 4946
5999 4442
6000 4738
6001 4736
6002 4478
6003 4545
6004 4918
6005 4673
6006 4218
6007 4918
6008 4658
6009 4970
6010 5689
6011 5291
6012 4674
6013 4645
6014 5288
6015 4900
6016 5025
6017 5224
6018 5484
6019 4910
6020 4872
6021 4767
6022 4744
6023 6156
6024 5588
6025 4896
6026 5050
6027 4982
6028 5240
6029 5425
6030 5995
6031 5579
6032 5824
6033 5749
6034 5369
6035 6060
6036 6882
6037 6441
6038 5764
6039 6559
6040 6074
6041 5650
6042 6798
6043 6579
6044 6228
6045 6098
6046 5926
6047 5404
6048 6192
6049 7270
6050 7607
6051 7096
6052 6114
6053 4747
6054 5750
6055 7327
6056 6986
6057 6827
6058 7021
6059 7388
6060 6145
6061 7221
6062 7337
6063 6408
6064 6339
6065 5950
6066 5626
6067 7044
6068 7583
6069 6408
6070 5970
6071 6318
6072 5321
6073 5380
6074 7313
6075 7094
6076 6843
6077 6815
6078 6318
6079 5666
6080 5939
6081 7448
6082 7229
6083 6978
6084 6514
6085 5819
6086 6512
6087 7408
6088 7513
6089 7378
6090 7067
6091 6571
6092 6406
6093 8186
6094 8323
6095 7560
6096 7065
6097 7090
6098 6184
6099 6600
6100 7419
6101 7826
6102 8880
6103 8142
6104 7185
6105 7782
6106 10028
6107 9810
6108 8978
6109 8708
6110 8366
6111 7427
6112 8586
6113 9374
6114 9089
6115 8789
6116 8482
6117 7936
6118 8874
6119 10345
6120 10695
6121 9952
6122 10259
6123 8857
6124 9702
6125 10519
6126 11073
6127 10403
6128 10447
6129 9736
6130 8768
6131 9275
6132 10441
6133 10787
6134 9745
6135 9743
6136 8871
6137 9140
6138 10475
6139 11098
6140 10495
6141 10703
6142 9875
6143 8288
6144 9040
6145 10202
6146 10961
6147 9760
6148 8953
6149 8385
6150 8721
6151 11141
6152 10239
6153 9624
6154 9259
6155 8289
6156 8856
6157 9818
6158 10560
6159 10158
6160 10153
6161 10013
6162 9166
6163 9603
6164 10409
6165 11045
6166 10258
6167 10880
6168 9850
6169 10563
6170 11978
6171 12274
6172 12204
6173 13090
6174 14388
6175 15562
6176 18233
6177 20228
6178 21521
6179 22297
6180 21676
6181 19698
6182 20218
6183 21235
6184 21269
6185 21181
6186 21119
6187 19701
6188 20566
6189 21951
6190 21959
6191 22264
6192 22276
6193 21916
6194 20305
6195 21119
6196 22496
6197 21354
6198 20083
6199 19417
6200 16856
6201 15882
6202 16112
6203 14684
6204 13580
6205 13637
6206 13158
6207 12814
6208 13414
6209 14208
6210 14194
6211 13684
6212 13714
6213 13006
6214 14088
6215 14849
6216 15190
6217 15687
6218 16804
6219 15523
6220 15738
6221 17139
6222 17003
6223 16921
6224 17082
6225 16826
6226 16631
6227 16540
6228 17731
6229 17823
6230 17242
6231 17048
6232 16655
6233 16630
6234 17952
6235 18035
6236 17602
6237 17391
6238 17782
6239 17232
6240 17798
6241 18518
6242 17875
6243 16913
6244 17401
6245 16623
6246 17093
6247 17984
6248 18632
6249 18926
6250 18732
6251 17218
6252 18094
6253 18574
6254 19485
6255 19925
6256 19663
6257 19096
6258 17892
6259 18783
6260 20039
6261 19944
6262 20027
6263 19690
6264 19096
6265 19904
6266 21603
6267 22267
6268 21558
6269 21211
6270 21377
6271 20675
6272 20712
6273 22515
6274 22875
6275 22063
6276 22455
6277 21968
6278 23187
6279 24327
6280 24390
6281 23982
6282 24018
6283 23133
6284 23885
6285 25626
6286 25512
6287 25039
6288 25998
6289 25751
6290 24761
6291 25924
6292 28321
6293 28812
6294 29117
6295 28189
6296 27706
6297 28248
6298 30181
6299 29791
6300 29348
6301 30266
6302 30244
6303 29065
6304 29713
6305 31044
6306 30740
6307 30820
6308 31817
6309 31212
6310 32887
6311 34769
6312 36357
6313 37401
6314 37581
6315 36696
6316 37272
6317 39495
6318 40679
6319 40698
6320 40111
6321 40682
6322 41362
6323 43467
6324 45016
6325 46389
6326 48931
6327 49428
6328 50328
6329 49461
6330 50906
6331 54546
6332 54995
6333 55765
6334 56909
6335 57453
6336 59108
6337 64224
6338 67742
6339 70733
6340 73343
6341 74506
6342 84037
6343 95780
6344 100858
6345 103676
6346 111351
6347 118273
6348 130774
6349 147697
6350 160017
6351 171209
6352 203781
6353 222574
6354 273322
6355 445522
6356 336571
6357 59187
6358 0
6359 0
6360 0
6361 0
6362 0
6363 0
6364 0
6365 0
6366 0
6367 0
6368 0
6369 0
6370 0
6371 0
6372 0
6373 0
6374 0
6375 0
6376 0
6377 0
6378 0
6379 0
6380 0
6381 14399
6382 367556
6383 480925
6384 480350
6385 480170
6386 479900
6387 479514
6388 294601
6389 217442
6390 197039
6391 195350
6392 187096
6393 193581
6394 200338
6395 189555
6396 168286
6397 154184
6398 143021
6399 138113
6400 135015
6401 123010
6402 110131
6403 98300
6404 90994
6405 85766
6406 81098
6407 77907
6408 74208
6409 71600
6410 71905
6411 67118
6412 63078
6413 61139
6414 59791
6415 57624
6416 55924
6417 55023
6418 50056
6419 47291
6420 47369
6421 47016
6422 46107
6423 45069
6424 42478
6425 41835
6426 43726
6427 42411
6428 39298
6429 39199
6430 38334
6431 37067
6432 37343
6433 38906
6434 37497
6435 37494
6436 37203
6437 34994
6438 34628
6439 34640
6440 35625
6441 33522
6442 34397
6443 32679
6444 32842
6445 32918
6446 32505
6447 32148
6448 31727
6449 30112
6450 28867
6451 30146
6452 30509
6453 29674
6454 28953
6455 27911
6456 27740
6457 27489
6458 28127
6459 27581
6460 27524
6461 27543
6462 26877
6463 25671
6464 26243
6465 26695
6466 26172
6467 25040
6468 25399
6469 23645
6470 23428
6471 24104
6472 24256
6473 24468
6474 24063
6475 22437
6476 22449
6477 23532
6478 23185
6479 22443
6480 22612
6481 22353
6482 20734
6483 21075
6484 21723
6485 21521
6486 21095
6487 20632
6488 20491
6489 20942
6490 20718
6491 20955
6492 20509
6493 19677
6494 18570
6495 18416
6496 18451
6497 19787
6498 19206
6499 18905
6500 18827
6501 17294
6502 16890
6503 17892
6504 17999
6505 18330
6506 17411
6507 16615
6508 16374
6509 17495
6510 17231
6511 16518
6512 16728
6513 16034
6514 15261
6515 15827
6516 15857
6517 16268
6518 15383
6519 15222
6520 14547
6521 14777
6522 14958
6523 15599
6524 15301
6525 14622
6526 14469
6527 13421
6528 14157
6529 14392
6530 14829
6531 14450
6532 14474
6533 12739
6534 13463
6535 14475
6536 14333
6537 14377
6538 15370
6539 14306
6540 14332
6541 14636
6542 14507
6543 14562
6544 14597
6545 13676
6546 12482
6547 13116
6548 14169
6549 14066
6550 13449
6551 13167
6552 12622
6553 12828
6554 13966
6555 14146
6556 13520
6557 13783
6558 13535
6559 12596
6560 12849
6561 12657
6562 12507
6563 11743
6564 11033
6565 9609
6566 9730
6567 11329
6568 11950
6569 10767
6570 10966
6571 9847
6572 9036
6573 10797
6574 10494
6575 10701
6576 10701
6577 10465
6578 9056
6579 9658
6580 11166
6581 10289
6582 9555
6583 9598
6584 9228
6585 9489
6586 10561
6587 10780
6588 9764
6589 9412
6590 9240
6591 8432
6592 8968
6593 10389
6594 10750
6595 10828
6596 10998
6597 8956
6598 8848
6599 9932
6600 10705
6601 11240
6602 9947
6603 9062
6604 9508
6605 10900
6606 11253
6607 10713
6608 10702
6609 11424
6610 10074
6611 10346
6612 11632
6613 10994
6614 11132
6615 10619
6616 9336
6617 9616
6618 9794
6619 10604
6620 9819
6621 9348
6622 9487
6623 8196
6624 7902
6625 9333
6626 9788
6627 9278
6628 8798
6629 8262
6630 8161
6631 9272
6632 8849
6633 8899
6634 8313
6635 6764
6636 7261
6637 7826
6638 8397
6639 8856
6640 8694
6641 7803
6642 6457
6643 7165
6644 7796
6645 7650
6646 7771
6647 7873
6648 7112
6649 6958
6650 7645
6651 8092
6652 7640
6653 7198
6654 7415
6655 6700
6656 6473
6657 7900
6658 7431
6659 7904
6660 7241
6661 5491
6662 5962
6663 7581
6664 7553
6665 7069
6666 7115
6667 6074
6668 6182
6669 7207
6670 7858
6671 7725
6672 7221
6673 7145
6674 6603
6675 7437
6676 8302
6677 7742
6678 7799
6679 7352
6680 6216
6681 6704
6682 7667
6683 7795
6684 7418
6685 7384
6686 7302
6687 6050
6688 6428
6689 7718
6690 7697
6691 7145
6692 6546
6693 5872
6694 6594
6695 7888
6696 7540
6697 7335
6698 6346
6699 5084
6700 5520
6701 6699
6702 6989
6703 6835
6704 6497
6705 5961
6706 5335
6707 6125
6708 6077
6709 6557
6710 5752
6711 5907
6712 5093
6713 5546
6714 6913
6715 6573
6716 6218
6717 5710
6718 6137
6719 4808
6720 4839
6721 5855
6722 6590
6723 6244
6724 5857
6725 5401
6726 5343
6727 6478
6728 6546
6729 5674
6730 5951
6731 4868
6732 4932
6733 6188
6734 6317
6735 6104
6736 5720
6737 5935
6738 5571
6739 5691
6740 6995
6741 6788
6742 6162
6743 5524
6744 4955
6745 5372
6746 6541
6747 6445
6748 5914
6749 5766
6750 5742
6751 4882
6752 5258
6753 6494
6754 6267
6755 6495
6756 5811
6757 4524
6758 4750
6759 7030
6760 6804
6761 6477
6762 5995
6763 4846
6764 4715
6765 6181
6766 5686
6767 6182
6768 5904
6769 5717
6770 5030
6771 5064
6772 6452
6773 6002
6774 5479
6775 5759
6776 4658
6777 4773
6778 6416
6779 6269
6780 5757
6781 5672
6782 5792
6783 4987
6784 5034
6785 6057
6786 6402
6787 6081
6788 5189
6789 4636
6790 5160
6791 6811
6792 6330
6793 5664
6794 5985
6795 4671
6796 5508
6797 6053
6798 6364
6799 6782
6800 5806
6801 5606
6802 4642
6803 5575
6804 5662
6805 6407
6806 5558
6807 5452
6808 5420
6809 5895
6810 5653
6811 5674
6812 5843
6813 5491
6814 5428
6815 5431
6816 4870
6817 5719
6818 5679
6819 5464
6820 5686
6821 5217
6822 4840
6823 5095
6824 5626
6825 5342
6826 5182
6827 4670
6828 4424
6829 5370
6830 5739
6831 5136
6832 5128
6833 4509
6834 3678
6835 5004
6836 5665
6837 5462
6838 4691
6839 4742
6840 4179
6841 4086
6842 5031
6843 5122
6844 4760
6845 5131
6846 5497
6847 4379
6848 4426
6849 5120
6850 5285
6851 5141
6852 4686
6853 4390
6854 3979
6855 5123
6856 4818
6857 4876
6858 4841
6859 3910
6860 4227
6861 5744
6862 5272
6863 4956
6864 5347
6865 5118
6866 4695
6867 4381
6868 5151
6869 5580
6870 5546
6871 4789
6872 3794
6873 4511
6874 5019
6875 5334
6876 5335
6877 4882
6878 5164
6879 3322
6880 3993
6881 5299
6882 5087
6883 4816
6884 4335
6885 4212
6886 3896
6887 5117
6888 5256
6889 4819
6890 5208
6891 3227
6892 4105
6893 5192
6894 5022
6895 4634
6896 4352
6897 4299
6898 3736
6899 4212
6900 4593
6901 5288
6902 4481
6903 4390
6904 3466
6905 4069
6906 4962
6907 4750
6908 4493
6909 4483
6910 4796
6911 3653
6912 4271
6913 4620
6914 5047
6915 4233
6916 4219
6917 3630
6918 3565
6919 4498
6920 5024
6921 4647
6922 4970
6923 3949
6924 3444
6925 4674
6926 4757
6927 4379
6928 4537
6929 3917
6930 3163
6931 3732
6932 4794
6933 5167
6934 4309
6935 3974
6936 2929
6937 4162
6938 5341
6939 4914
6940 4100
6941 3963
6942 3804
6943 3364
6944 3761
6945 4825
6946 5074
6947 4628
6948 4881
6949 3610
6950 3543
6951 5368
6952 5168
6953 4724
6954 4329
6955 2817
6956 3551
6957 4830
6958 4734
6959 4326
6960 4407
6961 4628
6962 3245
6963 3869
6964 4959
6965 5121
6966 4842
6967 4840
6968 3494
6969 3517
6970 4575
6971 4911
6972 4630
6973 4356
6974 4189
6975 3236
6976 3235
6977 4329
6978 4483
6979 4206
6980 3990
6981 3838
6982 3418
6983 4461
6984 4803
6985 5001
6986 4456
6987 3287
6988 3929
6989 4278
6990 4436
6991 4158
6992 4550
6993 4609
6994 3501
6995 3632
6996 5190
6997 4466
6998 4395
6999 4223
7000 3201
7001 3554
7002 5238
7003 4746
7004 4486
7005 4250
7006 3582
7007 3300
7008 4154
7009 4490
7010 5716
7011 4239
7012 3994
7013 3389
7014 3488
7015 4696
7016 4888
7017 4419
7018 5299
7019 3593
7020 3911
7021 4467
7022 4531
7023 4325
7024 4058
7025 5229
7026 3808
7027 3998
7028 4662
7029 5010
7030 4449
7031 4193
7032 3081
7033 3706
7034 4508
7035 5057
7036 4394
7037 4096
7038 4281
7039 3085
7040 3864
7041 4866
7042 5229
7043 4299
7044 3888
7045 2988
7046 3779
7047 4891
7048 4658
7049 4470
7050 4206
7051 2917
7052 3455
7053 3966
7054 4343
7055 4101
7056 4251
7057 4157
7058 3137
7059 3744
7060 4994
7061 4785
7062 4028
7063 4540
7064 3227
7065 4382
7066 4926
7067 4453
7068 4482
7069 4655
7070 4720
7071 3735
7072 3186
7073 4458
7074 4606
7075 4069
7076 3856
7077 2736
7078 3364
7079 5082
7080 4995
7081 4438
7082 4036
7083 3037
7084 3114
7085 5620
7086 4699
7087 4299
7088 4009
7089 4356
7090 3198
7091 3807
7092 4041
7093 4320
7094 4526
7095 4816
7096 5909
7097 8376
7098 9978
7099 9928
7100 11316
7101 9592
7102 9163
7103 7992
7104 8164
7105 10394
7106 10001
7107 9273
7108 8913
7109 7550
7110 8624
7111 12404
7112 10887
7113 9536
7114 9306
7115 7837
7116 7834
7117 9486
7118 9527
7119 9298
7120 8680
7121 7381
7122 5174
7123 3918
7124 4771
7125 4299
7126 4302
7127 4477
7128 3509
7129 3409
7130 4585
7131 4514
7132 4800
7133 4303
7134 3930
7135 3433
7136 3999
7137 4549
7138 4259
7139 4304
7140 4267
7141 3755
7142 3795
7143 4355
7144 4722
7145 4358
7146 3980
7147 3243
7148 3744
7149 4805
7150 5002
7151 4531
7152 4105
7153 4207
7154 2994
7155 3504
7156 4250
7157 4495
7158 4342
7159 3876
7160 3325
7161 3133
7162 4894
7163 5068
7164 4025
7165 3899
7166 3789
7167 2580
7168 3141
7169 3976
7170 5600
7171 3952
7172 4193
7173 3376
7174 3274
7175 4452
7176 4667
7177 4336
7178 4369
7179 3744
7180 3735
7181 4425
7182 4432
7183 4578
7184 4105
7185 4099
7186 3310
7187 3557
7188 5490
7189 4635
7190 3691
7191 3917
7192 3186
7193 3454
7194 5079
7195 4704
7196 4658
7197 4018
7198 4023
7199 3093
7200 3448
7201 7959
7202 5064
7203 3761
7204 3547
7205 3185
7206 3800
7207 4464
7208 4447
7209 4221
7210 4099
7211 3613
7212 3398
7213 4292
7214 4999
7215 4390
7216 4317
7217 4564
7218 3943
7219 3626
7220 4521
7221 4762
7222 4353
7223 4076
7224 3585
7225 3988
7226 4881
7227 4557
7228 4568
7229 4110
7230 4388
7231 4088
7232 3619
7233 4280
7234 4629
7235 4118
7236 4549
7237 3406
7238 3787
7239 4181
7240 3546
7241 3798
7242 4231
7243 2934
7244 3261
7245 4499
7246 4928
7247 4403
7248 3941
7249 3522
7250 2536
7251 2865
7252 4885
7253 4510
7254 4429
7255 4068
7256 3279
7257 3113
7258 4074
7259 4722
7260 3964
7261 3797
7262 3463
7263 2890
7264 3515
7265 4766
7266 4776
7267 4545
7268 4085
7269 3130
7270 3695
7271 4718
7272 4918
7273 3997
7274 3945
7275 3252
7276 3492
7277 5038
7278 4492
7279 4429
7280 3909
7281 4145
7282 3586
7283 3370
7284 4383
7285 4500
7286 3683
7287 3713
7288 2803
7289 3055
7290 4068
7291 4321
7292 4024
7293 4789
7294 3842
7295 3362
7296 3897
7297 5019
7298 5040
7299 4414
7300 4027
7301 3060
7302 3474
7303 4598
7304 4875
7305 4104
7306 3960
7307 4426
7308 3301
7309 4997
7310 4321
7311 4226
7312 3830
7313 3482
7314 2910
7315 3579
7316 4969
7317 4636
7318 4246
7319 4294
7320 3606
7321 3612
7322 4617
7323 4576
7324 4085
7325 4157
7326 3713
7327 2758
7328 3275
7329 6129
7330 7728
7331 5379
7332 4061
7333 3344
7334 3024
7335 4240
7336 4535
7337 3820
7338 4401
7339 3958
7340 4497
7341 4474
7342 5391
7343 4360
7344 3926
7345 4045
7346 2914
7347 4003
7348 4715
7349 4454
7350 3572
7351 3984
7352 3282
7353 4304
7354 4497
7355 5225
7356 4472
7357 4008
7358 4083
7359 3909
7360 4698
7361 5497
7362 5969
7363 4837
7364 4955
7365 4070
7366 4430
7367 5067
7368 5150
7369 4751
7370 4831
7371 4063
7372 4596
7373 5772
7374 5159
7375 5160
7376 4746
7377 4711
7378 4489
7379 4151
7380 4999
7381 4893
7382 4796
7383 4450
7384 3418
7385 3235
7386 4514
7387 4506
7388 4155
7389 4248
7390 3963
7391 3271
7392 3059
7393 4488
7394 4425
7395 3789
7396 3657
7397 2825
7398 2926
7399 4091
7400 4770
7401 4353
7402 3975
7403 2881
7404 3757
7405 4928
7406 5033
7407 4027
7408 4556
7409 3689
7410 3196
7411 3190
7412 4710
7413 4750
7414 4381
7415 4185
7416 3421
7417 3937
7418 5354
7419 4676
7420 3893
7421 3909
7422 3956
7423 2580
7424 2973
7425 4873
7426 4201
7427 3645
7428 3782
7429 2722
7430 3231
7431 4074
7432 4359
7433 4274
7434 3794
7435 3171
7436 3176
7437 3969
7438 4617
7439 4640
7440 3955
7441 3955
7442 3477
7443 3153
7444 4579
7445 4399
7446 4035
7447 3686
7448 3404
7449 3960
7450 5091
7451 4563
7452 4031
7453 4172
7454 3880
7455 2904
7456 3303
7457 5133
7458 5056
7459 4320
7460 4564
7461 3486
7462 3855
7463 4354
7464 4427
7465 3942
7466 3629
7467 3472
7468 3155
7469 5143
7470 4305
7471 4480
7472 4210
7473 3663
7474 3080
7475 3696
7476 4232
7477 4044
7478 4154
7479 3570
7480 2856
7481 4281
7482 4181
7483 5062
7484 4380
7485 3970
7486 3661
7487 2730
7488 3130
7489 4609
7490 4556
7491 4259
7492 3534
7493 3052
7494 3381
7495 4275
7496 4162
7497 3715
7498 4306
7499 3425
7500 3373
7501 4625
7502 4425
7503 4341
7504 4305
7505 4792
7506 3025
7507 4184
7508 4288
7509 4906
7510 4785
7511 4055
7512 3396
7513 3546
7514 4315
7515 6133
7516 4510
7517 4103
7518 3860
7519 3233
7520 4494
7521 4312
7522 4579
7523 4923
7524 5439
7525 5583
7526 6360
7527 7995
7528 8045
7529 7212
7530 7189
7531 6361
7532 6581
7533 7241
7534 7479
7535 6997
7536 7249
7537 6473
7538 5888
7539 6999
7540 8242
7541 8202
7542 6930
7543 7241
7544 7026
7545 6409
7546 7363
7547 7630
7548 7156
7549 6819
7550 5749
7551 3766
7552 3785
7553 4396
7554 5045
7555 4368
7556 4267
7557 3208
7558 3739
7559 4465
7560 4568
7561 4489
7562 4222
7563 2766
7564 3484
7565 4380
7566 4488
7567 4662
7568 4833
7569 4055
7570 2941
7571 3437
7572 4516
7573 5163
7574 3884
7575 3854
7576 3094
7577 3142
7578 5026
7579 4789
7580 3657
7581 4011
7582 3537
7583 2955
7584 3337
7585 4618
7586 4521
7587 3863
7588 3990
7589 2957
7590 4042
7591 4718
7592 4144
7593 3993
7594 4567
7595 3082
7596 3444
7597 4687
7598 4166
7599 3929
7600 4792
7601 4122
7602 3272
7603 3506
7604 4503
7605 4702
7606 3978
7607 3945
7608 3288
7609 3921
7610 4584
7611 4556
7612 4206
7613 4352
7614 4140
7615 3328
7616 3303
7617 4273
7618 4567
7619 4220
7620 3615
7621 2982
7622 3106
7623 4185
7624 4983
7625 3735
7626 4035
7627 3708
7628 3743
7629 5266
7630 4576
7631 4627
7632 4240
7633 5139
7634 4060
7635 4165
7636 4535
7637 4429
7638 3936
7639 4772
7640 4554
7641 4133
7642 4623
7643 5484
7644 4354
7645 4362
7646 4388
7647 3371
7648 3577
7649 4382
7650 4465
7651 4229
7652 4233
7653 3762
7654 3600
7655 4211
7656 4473
7657 3751
7658 3729
7659 3067
7660 3227
7661 4161
7662 4335
7663 3727
7664 4047
7665 3665
7666 2973
7667 3192
7668 4440
7669 4237
7670 4706
7671 4042
7672 2919
7673 3705
7674 4453
7675 3972
7676 4442
7677 4201
7678 4848
7679 3734
7680 3917
7681 4774
7682 4495
7683 4150
7684 4006
7685 2918
7686 3501
7687 4206
7688 4324
7689 4492
7690 4513
7691 3202
7692 3399
7693 4138
7694 4537
7695 4128
7696 4484
7697 4029
7698 3140
7699 4191
7700 4943
7701 4660
7702 4537
7703 4783
7704 3409
7705 3697
7706 4595
7707 4769
7708 4492
7709 4698
7710 4114
7711 2758
7712 3597
7713 4474
7714 4387
7715 4745
7716 4235
7717 3372
7718 4635
7719 4635
7720 4706
7721 5477
7722 4448
7723 3336
7724 3978
7725 4300
7726 4827
7727 4115
7728 4945
7729 4105
7730 3211
7731 3410
7732 5217
7733 5192
7734 4295
7735 4090
7736 4002
7737 3515
7738 4936
7739 4648
7740 4279
7741 4471
7742 3748
7743 3147
7744 3804
7745 4388
7746 4590
7747 4181
7748 4160
7749 3106
7750 3553
7751 4730
7752 4726
7753 4341
7754 3818
7755 2998
7756 4240
7757 4869
7758 4414
7759 4395
7760 5071
7761 4385
7762 3183
7763 3596
7764 4274
7765 4867
7766 4846
7767 4358
7768 3335
7769 4529
7770 4906
7771 5060
7772 4215
7773 4140
7774 3572
7775 2789
7776 3556
7777 5136
7778 4628
7779 4250
7780 4430
7781 2822
7782 4956
7783 5374
7784 4882
7785 3869
7786 4263
7787 3162
7788 3369
7789 4309
7790 5086
7791 4816
7792 4131
7793 3821
7794 3522
7795 4129
7796 5185
7797 4745
7798 4887
7799 4176
7800 3677
7801 4044
7802 4670
7803 4558
7804 4986
7805 4417
7806 3819
7807 2738
7808 3461
7809 4837
7810 4487
7811 4454
7812 4371
7813 4018
7814 3716
7815 4880
7816 4730
7817 4507
7818 4560
7819 4038
7820 3743
7821 5112
7822 5595
7823 4510
7824 4841
7825 4121
7826 3728
7827 4429
7828 4998
7829 5120
7830 4419
7831 4057
7832 4014
7833 5812
7834 5178
7835 4692
7836 4458
7837 4530
7838 4922
7839 3804
7840 6601
7841 4861
7842 4737
7843 4587
7844 4752
7845 3617
7846 4723
7847 5831
7848 5600
7849 5673
7850 5713
7851 3870
7852 4124
7853 5043
7854 5050
7855 4926
7856 5432
7857 4759
7858 4109
7859 4258
7860 6078
7861 5418
7862 4881
7863 4974
7864 3933
7865 3777
7866 5554
7867 5343
7868 6003
7869 5267
7870 4616
7871 3411
7872 3709
7873 4881
7874 4728
7875 4559
7876 4083
7877 3295
7878 3803
7879 5155
7880 4797
7881 4552
7882 4719
7883 3623
7884 4471
7885 4743
7886 5507
7887 4697
7888 4685
7889 4991
7890 4445
7891 5597
7892 5788
7893 6048
7894 5632
7895 5754
7896 4982
7897 5135
7898 5611
7899 5652
7900 5376
7901 6078
7902 5469
7903 4992
7904 6405
7905 8727
7906 8897
7907 8613
7908 8363
7909 7032
7910 7427
7911 9354
7912 9003
7913 8669
7914 8737
7915 7212
7916 7004
7917 7974
7918 8250
7919 8065
7920 7578
7921 7415
7922 6641
7923 7123
7924 8031
7925 8153
7926 7631
7927 7942
7928 7091
7929 6863
7930 6975
7931 5756
7932 5220
7933 4611
7934 5144
7935 4297
7936 3701
7937 4862
7938 4884
7939 4724
7940 3794
7941 4187
7942 4273
7943 4477
7944 4922
7945 4928
7946 5672
7947 4083
7948 3615
7949 4672
7950 4759
7951 4891
7952 5000
7953 5141
7954 3757
7955 4679
7956 5457
7957 5102
7958 5131
7959 4884
7960 3982
7961 4594
7962 5173
7963 5369
7964 5157
7965 4697
7966 4248
7967 3686
7968 3950
7969 4879
7970 5570
7971 4699
7972 4380
7973 3796
7974 3925
7975 5549
7976 5415
7977 4437
7978 4190
7979 3822
7980 5206
7981 5050
7982 4893
7983 4816
7984 4397
7985 3980
7986 3335
7987 2465
7988 3344
7989 3444
7990 3316
7991 3068
7992 2894
7993 2620
7994 3167
7995 3040
7996 3268
7997 3156
7998 3080
7999 2465
8000 2789
8001 2714
8002 2943
8003 3250
8004 3209
8005 2738
8006 2912
8007 3114
8008 2858
8009 2982
8010 3912
8011 3144
8012 3085
8013 3274
8014 2775
8015 3078
8016 3470
8017 3386
8018 2668
8019 2865
8020 2926
8021 3188
8022 3886
8023 3385
8024 2802
8025 2722
8026 3136
8027 2960
8028 3005
8029 3685
8030 3399
8031 2624
8032 2920
8033 2962
8034 3340
8035 3742
8036 3802
8037 2739
8038 2721
8039 3067
8040 3328
8041 3180
8042 2054
8043 2163
8044 2438
8045 2238
8046 1148
8047 1555
8048 2073
8049 2098
8050 2135
8051 1892
8052 1209
8053 1318
8054 2809
8055 2490
8056 2364
8057 2073
8058 1542
8059 1024
8060 1475
8061 2811
8062 2347
8063 1520
8064 1385
8065 1076
8066 1627
8067 2528
8068 2537
8069 2434
8070 2159
8071 1793
8072 945
8073 1634
8074 2271
8075 2148
8076 2267
8077 2071
8078 1118
8079 1429
8080 2029
8081 1985
8082 1923
8083 1827
8084 1353
8085 1425
8086 3270
8087 2463
8088 2314
8089 1992
8090 1427
8091 954
8092 1425
8093 2585
8094 2291
8095 2277
8096 1893
8097 1381
8098 1524
8099 1927
8100 2466
8101 2366
8102 2215
8103 2179
8104 1007
8105 1486
8106 2392
8107 2653
8108 1939
8109 1793
8110 1135
8111 1411
8112 2603
8113 2843
8114 2402
8115 2147
8116 2215
8117 1680
8118 2130
8119 2689
8120 1965
8121 1869
8122 1563
8123 1299
8124 1709
8125 2111
8126 2143
8127 2205
8128 2419
8129 1118
8130 1477
8131 2121
8132 2598
8133 2483
8134 1845
8135 1636
8136 966
8137 1406
8138 2220
8139 2146
8140 2409
8141 2160
8142 1291
8143 2176
8144 2543
8145 2834
8146 1835
8147 2271
8148 1543
8149 1388
8150 3282
8151 2681
8152 1814
8153 2322
8154 2348
8155 1322
8156 2094
8157 2645
8158 2298
8159 2312
8160 2221
8161 1753
8162 1419
8163 2858
8164 2422
8165 2050
8166 2080
8167 2214
8168 1289
8169 1401
8170 2500
8171 2651
8172 2322
8173 2607
8174 1374
8175 1306
8176 2486
8177 2559
8178 2520
8179 2293
8180 1487
8181 2455
8182 2600
8183 2528
8184 2074
8185 2343
8186 2428
8187 1691
8188 1578
8189 2490
8190 2681
8191 2330
8192 1998
8193 1412
8194 1905
8195 2411
8196 2712
8197 2723
8198 2333
8199 2002
8200 1101
8201 1804
8202 2749
8203 2460
8204 2530
8205 2247
8206 1785
8207 1499
8208 3523
8209 2472
8210 2254
8211 2285
8212 1625
8213 1527
8214 2644
8215 2690
8216 2465
8217 2118
8218 2143
8219 1837
8220 2382
8221 2624
8222 3238
8223 2711
8224 2416
8225 1729
8226 1858
8227 2404
8228 2539
8229 2559
8230 2075
8231 2218
8232 1302
8233 1536
8234 2707
8235 2439
8236 2868
8237 2416
8238 1753
8239 2082
8240 2530
8241 2309
8242 2456
8243 2413
8244 1938
8245 2208
8246 3242
8247 2950
8248 2276
8249 2213
8250 2243
8251 1422
8252 1879
8253 3178
8254 3163
8255 2639
8256 2304
8257 1613
8258 1842
8259 2602
8260 3355
8261 2625
8262 2371
8263 2066
8264 1470
8265 2384
8266 2990
8267 3021
8268 2240
8269 2485
8270 1590
8271 1797
8272 2625
8273 3227
8274 3279
8275 2212
8276 1920
8277 2170
8278 2616
8279 3208
8280 2911
8281 2911
8282 2482
8283 1970
8284 2373
8285 3923
8286 2941
8287 2500
8288 2711
8289 1529
8290 2179
8291 3220
8292 3283
8293 3342
8294 2706
8295 2461
8296 1851
8297 1987
8298 3293
8299 3441
8300 2725
8301 2603
8302 1576
8303 2198
8304 3118
8305 3381
8306 2836
8307 3114
8308 1882
8309 2495
8310 3322
8311 3410
8312 2933
8313 2594
8314 2467
8315 1707
8316 2164
8317 3208
8318 3495
8319 2870
8320 2503
8321 2173
8322 2544
8323 3379
8324 3420
8325 2907
8326 2946
8327 2810
8328 1813
8329 2335
8330 3923
8331 3364
8332 3323
8333 3129
8334 1758
8335 2284
8336 3615
8337 3237
8338 3290
8339 3127
8340 2204
8341 2189
8342 3616
8343 3676
8344 3233
8345 3481
8346 2677
8347 2201
8348 3104
8349 3430
8350 4008
8351 3853
8352 4230
8353 3303
8354 3577
8355 4106
8356 4126
8357 4017
8358 4393
8359 4152
8360 2857
8361 3494
8362 4617
8363 5111
8364 4643
8365 4113
8366 3568
8367 4722
8368 5126
8369 5854
8370 5278
8371 4397
8372 3953
8373 4506
8374 5021
8375 6358
8376 5136
8377 4583
8378 4024
8379 3125
8380 3885
8381 4261
8382 4106
8383 4289
8384 4190
8385 2809
8386 3517
8387 4936
8388 5118
8389 4954
8390 6962
8391 8771
8392 11874
8393 18526
8394 25231
8395 28997
8396 35263
8397 44214
8398 51681
8399 61299
8400 68900
8401 73506
8402 75106
8403 77179
8404 79172
8405 78952
8406 74896
8407 69512
8408 63147
8409 59546
8410 53912
8411 50308
8412 43789
8413 39946
8414 35918
8415 32560
8416 27827
8417 23447
8418 20450
8419 16784
8420 15066
8421 12623
8422 10935
8423 9037
8424 6752
8425 6367
8426 6140
8427 5967
8428 5831
8429 5186
8430 4831
8431 5242
8432 6008
8433 6124
8434 6094
8435 5700
8436 5242
8437 5154
8438 5770
8439 6253
8440 5914
8441 5892
8442 6252
8443 4234
8444 4917
8445 6329
8446 5962
8447 5897
8448 5275
8449 4289
8450 5233
8451 5341
8452 5009
8453 4957
8454 5279
8455 4712
8456 3489
8457 3594
8458 5241
8459 4921
8460 4332
8461 3690
8462 3474
8463 3835
8464 4222
8465 4520
8466 4458
8467 3792
8468 2866
8469 3827
8470 4565
8471 4248
8472 3587
8473 4038
8474 3854
8475 2913
8476 3213
8477 4308
8478 4262
8479 3809
8480 3655
8481 2969
8482 2710
8483 3603
8484 3471
8485 4014
8486 3598
8487 3293
8488 2313
8489 3279
8490 4252
8491 3647
8492 3395
8493 3014
8494 2409
8495 2768
8496 3668
8497 3490
8498 3585
8499 2785
8500 2706
8501 2677
8502 4168
8503 3707
8504 3581
8505 3159
8506 3035
8507 2527
8508 2541
8509 3313
8510 4008
8511 3397
8512 3313
8513 2537
8514 2466
8515 3325
8516 3801
8517 3823
8518 3318
8519 3053
8520 2116
8521 2377
8522 3515
8523 3786
8524 3664
8525 2955
8526 1802
8527 2906
8528 3439
8529 3265
8530 3381
8531 3024
8532 1987
8533 2584
8534 3612
8535 3072
8536 2880
8537 3015
8538 3003
8539 2144
8540 2196
8541 3238
8542 3403
8543 3148
8544 2615
8545 2111
8546 2252
8547 3096
8548 3392
8549 2956
8550 3552
8551 3037
8552 2071
8553 2617
8554 3672
8555 3407
8556 3300
8557 3111
8558 2140
8559 2488
8560 3291
8561 3192
8562 2869
8563 2953
8564 2113
8565 2208
8566 3242
8567 3562
8568 3205
8569 2689
8570 2911
8571 1922
8572 2210
8573 2954
8574 3113
8575 2942
8576 2566
8577 1880
8578 1973
8579 2983
8580 3298
8581 2967
8582 2539
8583 2539
8584 1900
8585 2179
8586 3301
8587 3103
8588 2876
8589 2406
8590 3494
8591 2224
8592 2756
8593 3308
8594 3030
8595 2500
8596 1848
8597 2309
8598 3660
8599 2690
8600 2404
8601 2720
8602 2553
8603 2170
8604 2081
8605 2993
8606 3235
8607 2569
8608 2490
8609 2169
8610 2612
8611 2955
8612 3369
8613 2672
8614 2885
8615 2450
8616 1602
8617 2046
8618 3285
8619 3847
8620 2551
8621 2266
8622 1386
8623 2180
8624 2726
8625 2912
8626 2429
8627 2703
8628 1549
8629 1896
8630 2735
8631 2928
8632 2721
8633 2847
8634 2117
8635 1857
8636 3056
8637 3850
8638 3319
8639 2675
8640 2357
8641 1438
8642 2656
8643 3351
8644 3325
8645 2604
8646 2473
8647 2326
8648 1570
8649 2252
8650 3777
8651 3180
8652 2373
8653 2234
8654 1563
8655 1928
8656 2957
8657 2832
8658 2583
8659 2750
8660 1965
8661 2226
8662 3537
8663 3137
8664 2356
8665 2211
8666 2585
8667 1470
8668 2068
8669 3089
8670 3023
8671 2399
8672 2498
8673 2173
8674 1733
8675 2805
8676 2994
8677 3192
8678 2563
8679 2559
8680 1665
8681 1887
8682 2913
8683 2846
8684 2317
8685 2297
8686 1913
8687 1930
8688 2742
8689 3117
8690 3118
8691 2972
8692 1500
8693 2090
8694 2639
8695 2645
8696 2211
8697 2319
8698 2237
8699 1297
8700 2120
8701 2808
8702 2768
8703 2446
8704 2417
8705 1465
8706 1842
8707 2696
8708 3116
8709 2873
8710 2403
8711 2194
8712 1923
8713 2341
8714 3089
8715 2979
8716 2378
8717 2100
8718 1493
8719 1720
8720 2729
8721 3128
8722 2658
8723 2609
8724 1784
8725 1951
8726 3118
8727 2776
8728 2897
8729 2679
8730 2315
8731 1841
8732 2053
8733 2606
8734 2610
8735 2569
8736 2258
8737 1659
8738 2248
8739 2911
8740 3029
8741 2161
8742 2434
8743 2669
8744 1632
8745 2190
8746 3172
8747 2632
8748 2481
8749 2310
8750 1648
8751 2322
8752 2883
8753 2640
8754 2305
8755 3030
8756 1612
8757 1816
8758 2949
8759 3213
8760 2774
8761 3137
8762 2775
8763 1778
8764 1953
8765 2928
8766 3719
8767 2670
8768 2011
8769 1567
8770 1620
8771 2773
8772 2627
8773 2460
8774 2287
8775 2108
8776 1614
8777 1829
8778 2597
8779 2802
8780 2647
8781 2590
8782 1563
8783 1715
8784 2475
8785 3187
8786 2639
8787 2798
8788 2291
8789 1734
8790 2772
8791 2961
8792 2882
8793 2607
8794 2275
8795 1533
8796 1989
8797 2932
8798 2970
8799 2940
8800 2144
8801 1865
8802 2000
8803 3662
8804 2984
8805 2493
8806 2501
8807 2739
8808 1883
8809 2197
8810 2801
8811 2383
8812 2309
8813 2525
8814 2154
8815 2506
8816 2488
8817 2209
8818 2153
8819 2613
8820 1754
8821 1573
8822 2372
8823 2721
8824 2981
8825 2177
8826 2036
8827 1846
8828 1982
8829 2536
8830 3039
8831 2068
8832 2499
8833 1116
8834 2210
8835 3203
8836 3051
8837 2361
8838 2353
8839 2761
8840 1635
8841 2006
8842 2563
8843 2866
8844 2626
8845 2438
8846 1864
8847 2013
8848 3019
8849 3027
8850 2897
8851 2170
8852 1821
8853 1764
8854 3027
8855 3181
8856 2581
8857 3076
8858 2048
8859 1608
8860 1833
8861 3098
8862 2880
8863 2271
8864 2459
8865 1662
8866 1810
8867 2803
8868 2995
8869 2716
8870 2219
8871 2177
8872 1706
8873 2104
8874 3411
8875 3249
8876 2846
8877 2551
8878 1852
8879 1821
8880 2438
8881 2849
8882 2686
8883 2957
8884 1841
8885 1823
8886 2809
8887 2840
8888 2498
8889 2961
8890 2316
8891 2274
8892 2478
8893 2590
8894 3334
8895 2411
8896 2804
8897 1955
8898 2732
8899 3292
8900 2646
8901 2459
8902 2551
8903 2464
8904 1629
8905 2218
8906 2811
8907 2957
8908 2759
8909 2176
8910 1662
8911 1949
8912 2714
8913 2801
8914 3022
8915 2443
8916 1823
8917 2091
8918 3230
8919 3193
8920 2503
8921 2739
8922 2411
8923 1494
8924 2078
8925 2911
8926 3241
8927 2773
8928 2114
8929 1599
8930 1926
8931 2600
8932 2761
8933 2687
8934 3019
8935 2243
8936 1438
8937 2801
8938 3329
8939 3376
8940 2794
8941 2545
8942 1651
8943 2473
8944 2738
8945 3564
8946 2998
8947 2574
8948 1776
8949 2047
8950 2735
8951 3443
8952 2949
8953 3258
8954 2911
8955 1740
8956 1781
8957 3044
8958 3099
8959 2937
8960 3085
8961 2052
8962 2118
8963 3179
8964 3103
8965 3294
8966 2749
8967 2902
8968 2206
8969 2309
8970 2835
8971 2726
8972 2303
8973 2690
8974 1606
8975 2095
8976 2816
8977 3214
8978 2720
8979 2376
8980 1780
8981 2136
8982 3204
8983 3674
8984 3016
8985 2695
8986 2224
8987 1666
8988 1942
8989 3673
8990 3449
8991 2971
8992 2679
8993 1613
8994 2390
8995 3501
8996 3396
8997 2834
8998 2341
8999 2125
9000 1897
9001 2402
9002 3021
9003 2897
9004 2759
9005 2544
9006 1882
9007 2227
9008 2967
9009 3148
9010 2749
9011 2630
9012 1807
9013 1881
9014 2909
9015 3350
9016 2948
9017 2970
9018 2206
9019 1892
9020 2857
9021 3404
9022 3356
9023 2739
9024 2373
9025 1926
9026 2302
9027 2929
9028 3025
9029 2490
9030 2320
9031 2662
9032 1866
9033 2250
9034 2801
9035 3342
9036 2803
9037 2406
9038 2033
9039 2264
9040 3082
9041 3481
9042 3158
9043 2645
9044 2083
9045 3029
9046 3587
9047 3019
9048 2712
9049 2576
9050 2504
9051 1927
9052 2403
9053 3286
9054 3435
9055 3117
9056 2539
9057 1768
9058 2615
9059 3172
9060 3054
9061 2822
9062 2803
9063 3116
9064 1689
9065 2163
9066 3590
9067 2915
9068 3030
9069 2514
9070 1757
9071 2204
9072 2916
9073 3307
9074 2746
9075 2727
9076 1814
9077 1982
9078 3612
9079 3424
9080 2644
9081 2303
9082 2532
9083 1937
9084 2530
9085 2934
9086 4565
9087 3275
9088 2691
9089 1552
9090 2271
9091 3337
9092 3239
9093 2802
9094 2886
9095 3034
9096 1950
9097 2311
9098 3005
9099 3172
9100 2603
9101 2907
9102 2059
9103 2380
9104 3686
9105 3086
9106 2787
9107 2399
9108 1798
9109 2251
9110 3295
9111 3029
9112 3066
9113 2736
9114 2791
9115 1898
9116 2163
9117 3313
9118 3246
9119 2918
9120 2898
9121 1980
9122 2092
9123 3015
9124 3293
9125 2641
9126 2643
9127 2771
9128 1937
9129 2355
9130 3013
9131 2859
9132 2920
9133 3090
9134 2091
9135 2745
9136 3267
9137 3208
9138 3051
9139 2582
9140 3123
9141 2670
9142 3641
9143 3337
9144 2698
9145 2903
9146 3139
9147 2446
9148 2662
9149 3401
9150 3518
9151 3114
9152 2741
9153 1427
9154 2038
9155 3250
9156 3543
9157 3098
9158 3005
9159 2633
9160 1670
9161 1761
9162 3455
9163 3031
9164 3046
9165 2876
9166 1820
9167 2150
9168 3157
9169 3091
9170 2734
9171 2698
9172 2155
9173 1897
9174 2831
9175 3076
9176 2994
9177 3059
9178 2720
9179 2042
9180 1840
9181 2732
9182 3259
9183 2737
9184 2824
9185 1857
9186 3050
9187 3289
9188 2984
9189 2821
9190 3095
9191 2573
9192 1807
9193 2340
9194 3468
9195 3197
9196 2832
9197 2678
9198 2351
9199 2408
9200 3299
9201 3182
9202 3273
9203 2449
9204 1951
9205 2614
9206 3437
9207 3582
9208 2846
9209 2911
9210 2590
9211 2079
9212 2556
9213 3341
9214 2886
9215 2551
9216 2775
9217 2637
9218 2451
9219 3044
9220 3189
9221 2982
9222 3188
9223 3152
9224 2619
9225 2639
9226 2428
9227 2845
9228 3011
9229 3014
9230 1954
9231 2127
9232 3305
9233 3410
9234 3159
9235 2836
9236 1990
9237 2045
9238 3306
9239 3121
9240 3062
9241 3391
9242 2814
9243 1888
9244 2144
9245 3387
9246 3505
9247 2700
9248 2566
9249 2049
9250 2414
9251 3548
9252 3753
9253 2806
9254 2961
9255 2844
9256 2004
9257 2667
9258 3139
9259 3109
9260 3345
9261 3131
9262 1963
9263 2886
9264 3600
9265 3480
9266 3577
9267 2654
9268 1991
9269 2424
9270 3478
9271 4072
9272 3357
9273 2647
9274 2683
9275 1821
9276 2756
9277 3174
9278 3827
9279 3231
9280 2925
9281 1850
9282 1970
9283 3484
9284 3531
9285 3292
9286 3046
9287 2808
9288 2067
9289 2189
9290 2782
9291 3236
9292 3112
9293 2842
9294 2313
9295 2639
9296 3171
9297 3546
9298 2939
9299 3136
9300 2020
9301 2523
9302 3597
9303 3578
9304 3152
9305 3583
9306 2929
9307 1903
9308 2665
9309 3453
9310 3613
9311 3281
9312 2885
9313 4866
9314 3215
9315 3471
9316 3420
9317 3017
9318 3009
9319 2984
9320 2310
9321 2304
9322 3703
9323 3389
9324 3062
9325 2753
9326 2340
9327 2297
9328 3523
9329 3386
9330 3020
9331 3118
9332 2187
9333 2643
9334 3670
9335 3590
9336 3377
9337 3408
9338 2950
9339 1837
9340 2894
9341 3531
9342 3268
9343 3461
9344 2638
9345 1860
9346 2326
9347 3698
9348 4592
9349 3294
9350 3155
9351 2725
9352 1448
9353 2976
9354 3484
9355 4039
9356 3328
9357 2895
9358 2219
9359 2770
9360 3856
9361 3361
9362 2994
9363 2987
9364 2068
9365 2799
9366 3269
9367 3426
9368 2664
9369 3250
9370 2793
9371 2039
9372 2719
9373 3620
9374 3374
9375 3480
9376 3037
9377 2166
9378 2796
9379 3860
9380 3895
9381 3310
9382 3297
9383 3019
9384 2114
9385 2726
9386 3317
9387 3427
9388 3299
9389 3947
9390 2652
9391 2241
9392 3511
9393 3497
9394 3704
9395 3185
9396 2192
9397 2596
9398 4661
9399 3887
9400 3316
9401 3490
9402 3020
9403 2169
9404 2978
9405 3794
9406 3553
9407 3021
9408 2914
9409 2173
9410 2567
9411 3634
9412 3410
9413 3605
9414 3305
9415 3271
9416 1990
9417 2838
9418 3674
9419 3518
9420 3493
9421 4058
9422 2415
9423 2671
9424 3351
9425 3706
9426 4072
9427 3587
9428 2366
9429 2678
9430 3842
9431 3806
9432 3724
9433 3331
9434 3322
9435 2501
9436 3084
9437 3511
9438 3727
9439 3233
9440 2897
9441 2444
9442 2683
9443 3675
9444 3954
9445 3783
9446 3912
9447 3467
9448 2365
9449 2550
9450 4057
9451 3697
9452 3420
9453 3160
9454 2289
9455 3015
9456 3470
9457 4162
9458 4109
9459 3655
9460 2696
9461 2796
9462 4026
9463 3753
9464 3547
9465 3523
9466 3185
9467 2362
9468 2529
9469 4955
9470 3703
9471 3567
9472 3026
9473 2428
9474 3026
9475 3710
9476 3859
9477 4225
9478 3655
9479 3565
9480 2377
9481 3279
9482 4250
9483 4527
9484 3668
9485 3436
9486 2381
9487 2912
9488 3382
9489 4478
9490 3551
9491 3464
9492 3278
9493 3282
9494 3514
9495 3657
9496 3471
9497 3318
9498 3382
9499 2868
9500 3082
9501 4523
9502 4081
9503 3592
9504 3300
9505 2647
9506 3417
9507 3957
9508 4234
9509 3596
9510 4166
9511 3909
9512 3076
9513 3423
9514 3935
9515 3744
9516 3872
9517 3651
9518 3657
9519 3280
9520 4386
9521 4715
9522 4095
9523 3419
9524 2815
9525 3342
9526 4708
9527 4119
9528 4131
9529 4314
9530 3407
9531 2820
9532 3349
9533 4346
9534 4225
9535 4237
9536 3586
9537 3004
9538 3431
9539 4584
9540 4528
9541 4356
9542 4046
9543 3914
9544 2572
9545 3341
9546 4644
9547 4573
9548 4238
9549 3476
9550 3099
9551 3559
9552 4550
9553 4198
9554 3984
9555 3654
9556 3169
9557 3067
9558 4467
9559 4289
9560 4772
9561 3932
9562 3808
9563 2812
9564 3329
9565 4576
9566 4633
9567 4307
9568 3954
9569 3466
9570 4230
9571 4769
9572 5033
9573 5039
9574 5633
9575 4908
9576 3910
9577 4453
9578 5758
9579 6246
9580 5150
9581 5302
9582 4650
9583 4941
9584 5671
9585 5668
9586 5655
9587 5647
9588 4556
9589 4493
9590 5505
9591 5548
9592 5296
9593 5638
9594 5140
9595 4156
9596 4382
9597 5307
9598 5615
9599 5440
9600 5188
9601 3866
9602 4284
9603 4982
9604 5844
9605 5400
9606 5324
9607 4547
9608 3658
9609 4640
9610 5240
9611 5072
9612 5138
9613 4816
9614 4099
9615 4852
9616 4895
9617 4963
9618 4792
9619 4908
9620 4042
9621 3924
9622 4522
9623 4746
9624 4794
9625 4540
9626 4201
9627 4147
9628 3914
9629 4039
9630 4706
9631 3709
9632 4353
9633 4421
9634 4253
9635 4415
9636 4144
9637 4168
9638 4100
9639 4670
9640 3986
9641 3653
9642 4131
9643 4159
9644 4420
9645 4165
9646 3464
9647 3915
9648 4240
9649 5213
9650 4091
9651 3872
9652 3091
9653 3514
9654 4626
9655 4973
9656 4527
9657 4432
9658 3816
9659 2833
9660 3691
9661 4644
9662 4264
9663 4112
9664 3995
9665 2966
9666 3412
9667 4600
9668 4975
9669 5097
9670 4398
9671 3919
9672 3605
9673 3538
9674 4453
9675 4802
9676 4559
9677 4115
9678 2928
9679 3232
9680 4926
9681 5376
9682 4570
9683 4231
9684 3815
9685 3462
9686 4527
9687 4712
9688 3965
9689 4294
9690 3412
9691 3109
9692 3699
9693 5175
9694 4959
9695 4457
9696 3908
9697 3008
9698 3938
9699 4566
9700 4426
9701 4279
9702 4311
9703 4027
9704 3192
9705 3618
9706 4533
9707 4738
9708 4674
9709 3829
9710 2858
9711 4578
9712 5114
9713 5145
9714 4080
9715 4027
9716 3610
9717 3615
9718 4635
9719 4843
9720 4139
9721 4538
9722 4110
9723 3155
9724 3896
9725 4569
9726 4739
9727 4500
9728 4547
9729 3220
9730 3577
9731 5355
9732 5053
9733 4582
9734 4180
9735 4045
9736 3102
9737 3623
9738 4699
9739 4799
9740 4626
9741 4629
9742 3192
9743 3688
9744 5514
9745 4855
9746 4168
9747 3706
9748 3427
9749 3913
9750 4867
9751 5258
9752 4363
9753 4140
9754 3774
9755 3648
9756 3479
9757 5309
9758 5149
9759 4584
9760 3956
9761 3301
9762 3600
9763 4569
9764 4398
9765 7323
9766 5473
9767 4605
9768 3611
9769 3849
9770 4867
9771 4991
9772 4449
9773 4538
9774 3536
9775 3746
9776 4963
9777 4528
9778 5073
9779 4701
9780 3006
9781 3879
9782 4765
9783 4629
9784 4615
9785 4290
9786 4169
9787 3338
9788 3984
9789 5027
9790 4879
9791 4786
9792 4321
9793 3257
9794 3594
9795 4863
9796 5499
9797 4759
9798 4447
9799 4241
9800 3390
9801 3634
9802 5910
9803 5354
9804 4373
9805 4092
9806 3003
9807 4249
9808 4713
9809 4960
9810 4626
9811 4648
9812 3658
9813 3855
9814 4676
9815 4685
9816 4835
9817 4703
9818 4559
9819 3762
9820 4135
9821 4698
9822 4874
9823 4351
9824 4462
9825 3450
9826 3895
9827 4895
9828 5349
9829 5033
9830 4583
9831 4481
9832 3291
9833 4300
9834 5126
9835 4835
9836 5360
9837 4170
9838 3980
9839 4158
9840 5238
9841 5163
9842 4403
9843 4800
9844 4149
9845 4436
9846 5316
9847 4989
9848 4900
9849 4389
9850 4388
9851 3419
9852 3686
9853 5222
9854 4764
9855 4478
9856 4764
9857 3542
9858 3896
9859 5158
9860 4999
9861 4888
9862 4872
9863 4721
9864 3689
9865 4448
9866 5334
9867 4976
9868 4772
9869 4550
9870 3427
9871 3981
9872 5064
9873 5186
9874 4597
9875 4571
9876 3844
9877 4011
9878 5091
9879 5595
9880 5017
9881 5239
9882 4563
9883 4075
9884 4840
9885 5124
9886 5129
9887 5134
9888 4550
9889 3602
9890 4072
9891 4712
9892 4871
9893 5203
9894 4900
9895 4314
9896 4009
9897 4313
9898 5906
9899 5455
9900 4869
9901 4790
9902 4714
9903 4442
9904 5601
9905 5614
9906 5273
9907 5032
9908 3972
9909 4126
9910 6139
9911 5258
9912 5385
9913 5246
9914 4606
9915 4407
9916 4011
9917 5601
9918 5614
9919 4591
9920 4873
9921 3812
9922 4692
9923 5293
9924 5359
9925 4846
9926 4774
9927 4915
9928 4839
9929 4054
9930 6215
9931 5986
9932 5294
9933 5280
9934 3733
9935 4746
9936 5340
9937 5683
9938 5304
9939 4774
9940 4064
9941 4022
9942 5276
9943 5447
9944 5375
9945 5161
9946 5037
9947 4283
9948 4265
9949 5516
9950 5514
9951 4882
9952 5128
9953 4324
9954 4339
9955 6153
9956 5564
9957 5319
9958 5533
9959 4927
9960 3990
9961 4662
9962 5677
9963 5585
9964 5274
9965 5846
9966 4192
9967 4514
9968 6120
9969 6216
9970 5515
9971 4963
9972 4178
9973 4898
9974 5619
9975 5753
9976 5574
9977 5397
9978 5387
9979 4174
9980 5601
9981 5991
9982 5973
9983 5790
9984 5404
9985 4333
9986 5089
9987 5982
9988 6125
9989 5252
9990 5619
9991 5032
9992 4288
9993 4900
9994 5888
9995 6175
9996 6378
9997 6092
9998 4543
9999 4658
10000 6201
10001 5852
10002 5652
10003 5554
10004 4355
10005 4818
10006 5573
10007 6448
10008 5882
10009 5849
10010 4865
10011 4715
10012 5215
10013 5817
10014 5942
10015 5444
10016 5479
10017 4734
10018 4963
10019 5696
10020 5893
10021 5641
10022 5384
10023 5340
10024 4435
10025 4964
10026 6198
10027 5979
10028 5575
10029 5356
10030 4666
10031 5151
10032 5713
10033 5889
10034 5625
